"70103 0.1"  
"=================================="  
Boosting round 0: training loss = 3.7946, validation loss = 3.8645
Boosting round 49: training loss = 2.2768, validation loss = 3.9544
Boosting round 99: training loss = 1.7684, validation loss = 4.1564
Training set score: 0.6483
Test set score: 0.0915
              precision    recall  f1-score   support

         123       0.11      0.39      0.18      2452
         124       0.11      0.15      0.13      1821
         125       0.09      0.05      0.06      1210
         126       0.08      0.03      0.05       918
         132       0.09      0.07      0.08      1685
         134       0.10      0.11      0.10      1530
         135       0.07      0.05      0.06      1029
         136       0.06      0.03      0.04       749
         142       0.08      0.06      0.07      1221
         143       0.07      0.04      0.05      1027
         145       0.05      0.02      0.02       713
         146       0.06      0.03      0.04       576
         152       0.03      0.01      0.02       656
         153       0.04      0.02      0.02       553
         154       0.03      0.01      0.02       449
         156       0.03      0.01      0.02       330
         162       0.05      0.02      0.03       408
         163       0.05      0.02      0.03       345
         164       0.04      0.02      0.03       262
         165       0.02      0.01      0.01       236
         213       0.06      0.02      0.03       736
         214       0.06      0.02      0.03       642
         215       0.03      0.01      0.01       437
         216       0.06      0.03      0.04       343
         231       0.02      0.01      0.01       330
         234       0.01      0.00      0.00       290
         235       0.02      0.02      0.02       194
         236       0.02      0.01      0.01       184
         241       0.03      0.01      0.01       223
         243       0.02      0.01      0.01       200
         245       0.01      0.01      0.01       170
         246       0.03      0.02      0.02       115
         251       0.04      0.02      0.03       135
         253       0.03      0.02      0.02       116
         254       0.02      0.03      0.02       119
         256       0.02      0.03      0.02        77
         261       0.01      0.01      0.01       103
         263       0.00      0.00      0.00        96
         264       0.00      0.00      0.00        81
         265       0.01      0.04      0.02        46
         312       0.02      0.00      0.01       425
         314       0.05      0.02      0.03       455
         315       0.03      0.01      0.02       373
         316       0.03      0.01      0.02       261
         321       0.02      0.01      0.01       238
         324       0.00      0.00      0.00       231
         325       0.00      0.00      0.00       159
         326       0.03      0.02      0.02       172
         341       0.02      0.01      0.01       204
         342       0.01      0.01      0.01       180
         345       0.01      0.01      0.01       168
         346       0.00      0.00      0.00       148
         351       0.01      0.01      0.01       149
         352       0.01      0.01      0.01       121
         354       0.00      0.00      0.00       120
         356       0.01      0.01      0.01        99
         361       0.00      0.00      0.00       107
         362       0.01      0.01      0.01        85
         364       0.00      0.00      0.00        83
         365       0.00      0.00      0.00        69
         412       0.03      0.01      0.01       300
         413       0.03      0.01      0.02       246
         415       0.02      0.01      0.02       270
         416       0.02      0.01      0.02       204
         421       0.04      0.02      0.03       193
         423       0.02      0.02      0.02       131
         425       0.01      0.01      0.01       171
         426       0.00      0.00      0.00       150
         431       0.01      0.01      0.01       155
         432       0.01      0.01      0.01       121
         435       0.00      0.00      0.00       126
         436       0.02      0.02      0.02       100
         451       0.01      0.01      0.01       173
         452       0.01      0.01      0.01       128
         453       0.00      0.00      0.00       133
         456       0.03      0.01      0.02       155
         461       0.00      0.00      0.00       128
         462       0.01      0.01      0.01        88
         463       0.01      0.01      0.01        68
         465       0.01      0.01      0.01        82
           x       0.15      0.37      0.22      2661

    accuracy                           0.09     32437
   macro avg       0.03      0.03      0.02     32437
weighted avg       0.07      0.09      0.07     32437

BoatWebSocketServer "boosting_type=gbdt,learning_rate=0.1"
start: 2023/05/10_ 0:23:22.43
end  : 2023/05/10_ 0:24:31.58
"70103 0.01"  
"=================================="  
Boosting round 0: training loss = 3.8852, validation loss = 3.8671
Boosting round 49: training loss = 3.4973, validation loss = 3.7684
Boosting round 99: training loss = 3.2600, validation loss = 3.7228
Training set score: 0.1977
Test set score: 0.1139
              precision    recall  f1-score   support

         123       0.11      0.60      0.19      2452
         124       0.11      0.13      0.12      1821
         125       0.12      0.01      0.01      1210
         126       0.17      0.01      0.01       918
         132       0.10      0.02      0.04      1685
         134       0.11      0.07      0.08      1530
         135       0.06      0.01      0.01      1029
         136       0.16      0.01      0.01       749
         142       0.08      0.03      0.04      1221
         143       0.12      0.01      0.01      1027
         145       0.00      0.00      0.00       713
         146       0.06      0.00      0.00       576
         152       0.00      0.00      0.00       656
         153       0.17      0.00      0.00       553
         154       0.00      0.00      0.00       449
         156       0.00      0.00      0.00       330
         162       0.00      0.00      0.00       408
         163       0.00      0.00      0.00       345
         164       0.00      0.00      0.00       262
         165       0.00      0.00      0.00       236
         213       0.25      0.00      0.00       736
         214       0.11      0.00      0.01       642
         215       0.00      0.00      0.00       437
         216       0.00      0.00      0.00       343
         231       0.00      0.00      0.00       330
         234       0.00      0.00      0.00       290
         235       0.33      0.01      0.01       194
         236       0.00      0.00      0.00       184
         241       0.00      0.00      0.00       223
         243       0.00      0.00      0.00       200
         245       0.00      0.00      0.00       170
         246       0.00      0.00      0.00       115
         251       0.00      0.00      0.00       135
         253       0.00      0.00      0.00       116
         254       0.00      0.00      0.00       119
         256       0.00      0.00      0.00        77
         261       0.00      0.00      0.00       103
         263       0.00      0.00      0.00        96
         264       0.00      0.00      0.00        81
         265       0.00      0.00      0.00        46
         312       0.00      0.00      0.00       425
         314       0.00      0.00      0.00       455
         315       0.00      0.00      0.00       373
         316       0.00      0.00      0.00       261
         321       0.00      0.00      0.00       238
         324       0.00      0.00      0.00       231
         325       0.00      0.00      0.00       159
         326       0.00      0.00      0.00       172
         341       0.00      0.00      0.00       204
         342       0.00      0.00      0.00       180
         345       0.00      0.00      0.00       168
         346       0.00      0.00      0.00       148
         351       0.00      0.00      0.00       149
         352       0.00      0.00      0.00       121
         354       0.00      0.00      0.00       120
         356       0.00      0.00      0.00        99
         361       0.00      0.00      0.00       107
         362       0.00      0.00      0.00        85
         364       0.00      0.00      0.00        83
         365       0.00      0.00      0.00        69
         412       0.00      0.00      0.00       300
         413       0.00      0.00      0.00       246
         415       0.00      0.00      0.00       270
         416       0.00      0.00      0.00       204
         421       0.00      0.00      0.00       193
         423       1.00      0.01      0.02       131
         425       0.00      0.00      0.00       171
         426       0.00      0.00      0.00       150
         431       0.00      0.00      0.00       155
         432       0.00      0.00      0.00       121
         435       0.00      0.00      0.00       126
         436       0.00      0.00      0.00       100
         451       0.00      0.00      0.00       173
         452       0.00      0.00      0.00       128
         453       0.00      0.00      0.00       133
         456       0.00      0.00      0.00       155
         461       0.00      0.00      0.00       128
         462       0.00      0.00      0.00        88
         463       0.00      0.00      0.00        68
         465       0.00      0.00      0.00        82
           x       0.12      0.67      0.20      2661

    accuracy                           0.11     32437
   macro avg       0.04      0.02      0.01     32437
weighted avg       0.07      0.11      0.05     32437

BoatWebSocketServer "boosting_type=gbdt,learning_rate=0.01"
start: 2023/05/10_ 0:25:50.30
end  : 2023/05/10_ 0:27:00.82
"70103 0.5"  
"=================================="  
Boosting round 0: training loss = 4.8783, validation loss = 5.0227
Boosting round 49: training loss = 33.7364, validation loss = 33.7987
Boosting round 99: training loss = 33.7330, validation loss = 33.7860
Training set score: 0.0233
Test set score: 0.0218
              precision    recall  f1-score   support

         123       0.00      0.00      0.00      2452
         124       0.16      0.00      0.01      1821
         125       0.02      0.00      0.00      1210
         126       0.00      0.00      0.00       918
         132       0.03      0.01      0.02      1685
         134       0.00      0.00      0.00      1530
         135       0.02      0.03      0.03      1029
         136       0.00      0.00      0.00       749
         142       0.05      0.08      0.06      1221
         143       0.01      0.00      0.00      1027
         145       0.00      0.00      0.00       713
         146       0.00      0.00      0.00       576
         152       0.00      0.00      0.00       656
         153       0.00      0.00      0.00       553
         154       0.00      0.00      0.00       449
         156       0.00      0.00      0.00       330
         162       0.00      0.00      0.00       408
         163       0.01      0.00      0.00       345
         164       0.00      0.00      0.00       262
         165       0.00      0.00      0.00       236
         213       0.00      0.00      0.00       736
         214       0.00      0.00      0.00       642
         215       0.01      0.08      0.02       437
         216       0.00      0.00      0.00       343
         231       0.00      0.00      0.00       330
         234       0.00      0.00      0.00       290
         235       0.00      0.00      0.00       194
         236       0.00      0.00      0.00       184
         241       0.02      0.04      0.02       223
         243       0.00      0.00      0.00       200
         245       0.00      0.00      0.00       170
         246       0.00      0.00      0.00       115
         251       0.00      0.00      0.00       135
         253       0.00      0.00      0.00       116
         254       0.00      0.00      0.00       119
         256       0.00      0.00      0.00        77
         261       0.00      0.00      0.00       103
         263       0.00      0.00      0.00        96
         264       0.00      0.00      0.00        81
         265       0.00      0.00      0.00        46
         312       0.00      0.00      0.00       425
         314       0.02      0.74      0.03       455
         315       0.01      0.01      0.01       373
         316       0.00      0.00      0.00       261
         321       0.00      0.00      0.00       238
         324       0.01      0.00      0.01       231
         325       0.00      0.00      0.00       159
         326       0.00      0.00      0.00       172
         341       0.00      0.00      0.00       204
         342       0.00      0.00      0.00       180
         345       0.25      0.01      0.01       168
         346       0.00      0.00      0.00       148
         351       0.00      0.00      0.00       149
         352       0.00      0.00      0.00       121
         354       0.00      0.00      0.00       120
         356       0.00      0.00      0.00        99
         361       0.00      0.00      0.00       107
         362       0.00      0.00      0.00        85
         364       0.00      0.00      0.00        83
         365       0.00      0.00      0.00        69
         412       0.00      0.00      0.00       300
         413       0.00      0.00      0.00       246
         415       0.00      0.00      0.00       270
         416       0.00      0.00      0.00       204
         421       0.00      0.00      0.00       193
         423       0.00      0.00      0.00       131
         425       0.00      0.00      0.00       171
         426       0.00      0.00      0.00       150
         431       0.00      0.00      0.00       155
         432       0.00      0.00      0.00       121
         435       0.00      0.00      0.00       126
         436       0.00      0.00      0.00       100
         451       0.00      0.00      0.00       173
         452       0.00      0.00      0.00       128
         453       0.00      0.00      0.00       133
         456       0.00      0.00      0.00       155
         461       0.00      0.00      0.00       128
         462       0.00      0.00      0.00        88
         463       0.00      0.00      0.00        68
         465       0.00      0.00      0.00        82
           x       0.12      0.06      0.08      2661

    accuracy                           0.02     32437
   macro avg       0.01      0.01      0.00     32437
weighted avg       0.03      0.02      0.01     32437

BoatWebSocketServer "boosting_type=gbdt,learning_rate=0.5"
start: 2023/05/10_ 0:29:56.79
end  : 2023/05/10_ 0:30:42.13
"70103 0.007"  
"=================================="  
Boosting round 0: training loss = 3.8896, validation loss = 3.8682
Boosting round 49: training loss = 3.5903, validation loss = 3.7902
Boosting round 99: training loss = 3.3956, validation loss = 3.7465
Training set score: 0.1653
Test set score: 0.1136
              precision    recall  f1-score   support

         123       0.11      0.58      0.19      2452
         124       0.12      0.11      0.11      1821
         125       0.11      0.00      0.01      1210
         126       0.20      0.00      0.01       918
         132       0.10      0.02      0.03      1685
         134       0.10      0.04      0.06      1530
         135       0.16      0.00      0.01      1029
         136       0.38      0.00      0.01       749
         142       0.10      0.02      0.03      1221
         143       0.20      0.00      0.01      1027
         145       0.00      0.00      0.00       713
         146       0.12      0.00      0.00       576
         152       0.00      0.00      0.00       656
         153       0.20      0.00      0.00       553
         154       0.00      0.00      0.00       449
         156       0.00      0.00      0.00       330
         162       0.00      0.00      0.00       408
         163       0.00      0.00      0.00       345
         164       0.00      0.00      0.00       262
         165       0.00      0.00      0.00       236
         213       0.00      0.00      0.00       736
         214       0.20      0.00      0.00       642
         215       0.00      0.00      0.00       437
         216       0.00      0.00      0.00       343
         231       0.00      0.00      0.00       330
         234       0.00      0.00      0.00       290
         235       1.00      0.01      0.01       194
         236       0.00      0.00      0.00       184
         241       0.00      0.00      0.00       223
         243       0.00      0.00      0.00       200
         245       0.00      0.00      0.00       170
         246       0.00      0.00      0.00       115
         251       0.00      0.00      0.00       135
         253       0.00      0.00      0.00       116
         254       0.00      0.00      0.00       119
         256       0.00      0.00      0.00        77
         261       0.00      0.00      0.00       103
         263       0.00      0.00      0.00        96
         264       0.00      0.00      0.00        81
         265       0.00      0.00      0.00        46
         312       0.00      0.00      0.00       425
         314       0.00      0.00      0.00       455
         315       0.00      0.00      0.00       373
         316       0.00      0.00      0.00       261
         321       0.00      0.00      0.00       238
         324       0.00      0.00      0.00       231
         325       0.00      0.00      0.00       159
         326       0.00      0.00      0.00       172
         341       0.00      0.00      0.00       204
         342       0.00      0.00      0.00       180
         345       0.00      0.00      0.00       168
         346       0.00      0.00      0.00       148
         351       0.00      0.00      0.00       149
         352       0.00      0.00      0.00       121
         354       0.00      0.00      0.00       120
         356       0.00      0.00      0.00        99
         361       0.00      0.00      0.00       107
         362       0.00      0.00      0.00        85
         364       0.00      0.00      0.00        83
         365       0.00      0.00      0.00        69
         412       0.00      0.00      0.00       300
         413       0.00      0.00      0.00       246
         415       0.00      0.00      0.00       270
         416       0.00      0.00      0.00       204
         421       0.00      0.00      0.00       193
         423       1.00      0.01      0.02       131
         425       0.00      0.00      0.00       171
         426       0.00      0.00      0.00       150
         431       0.00      0.00      0.00       155
         432       0.00      0.00      0.00       121
         435       0.00      0.00      0.00       126
         436       0.00      0.00      0.00       100
         451       0.00      0.00      0.00       173
         452       0.00      0.00      0.00       128
         453       0.00      0.00      0.00       133
         456       0.00      0.00      0.00       155
         461       0.00      0.00      0.00       128
         462       0.00      0.00      0.00        88
         463       0.00      0.00      0.00        68
         465       0.00      0.00      0.00        82
           x       0.11      0.72      0.20      2661

    accuracy                           0.11     32437
   macro avg       0.05      0.02      0.01     32437
weighted avg       0.09      0.11      0.04     32437

BoatWebSocketServer "boosting_type=gbdt,learning_rate=0.007"
start: 2023/05/10_ 0:32:25.20
end  : 2023/05/10_ 0:33:41.43
"70103 0.007"  
"=================================="  
Boosting round 0: training loss = 3.8896, validation loss = 3.8682
Boosting round 49: training loss = 3.5903, validation loss = 3.7902
Boosting round 99: training loss = 3.3956, validation loss = 3.7465
Training set score: 0.1653
Test set score: 0.1136
              precision    recall  f1-score   support

         123       0.11      0.58      0.19      2452
         124       0.12      0.11      0.11      1821
         125       0.11      0.00      0.01      1210
         126       0.20      0.00      0.01       918
         132       0.10      0.02      0.03      1685
         134       0.10      0.04      0.06      1530
         135       0.16      0.00      0.01      1029
         136       0.38      0.00      0.01       749
         142       0.10      0.02      0.03      1221
         143       0.20      0.00      0.01      1027
         145       0.00      0.00      0.00       713
         146       0.12      0.00      0.00       576
         152       0.00      0.00      0.00       656
         153       0.20      0.00      0.00       553
         154       0.00      0.00      0.00       449
         156       0.00      0.00      0.00       330
         162       0.00      0.00      0.00       408
         163       0.00      0.00      0.00       345
         164       0.00      0.00      0.00       262
         165       0.00      0.00      0.00       236
         213       0.00      0.00      0.00       736
         214       0.20      0.00      0.00       642
         215       0.00      0.00      0.00       437
         216       0.00      0.00      0.00       343
         231       0.00      0.00      0.00       330
         234       0.00      0.00      0.00       290
         235       1.00      0.01      0.01       194
         236       0.00      0.00      0.00       184
         241       0.00      0.00      0.00       223
         243       0.00      0.00      0.00       200
         245       0.00      0.00      0.00       170
         246       0.00      0.00      0.00       115
         251       0.00      0.00      0.00       135
         253       0.00      0.00      0.00       116
         254       0.00      0.00      0.00       119
         256       0.00      0.00      0.00        77
         261       0.00      0.00      0.00       103
         263       0.00      0.00      0.00        96
         264       0.00      0.00      0.00        81
         265       0.00      0.00      0.00        46
         312       0.00      0.00      0.00       425
         314       0.00      0.00      0.00       455
         315       0.00      0.00      0.00       373
         316       0.00      0.00      0.00       261
         321       0.00      0.00      0.00       238
         324       0.00      0.00      0.00       231
         325       0.00      0.00      0.00       159
         326       0.00      0.00      0.00       172
         341       0.00      0.00      0.00       204
         342       0.00      0.00      0.00       180
         345       0.00      0.00      0.00       168
         346       0.00      0.00      0.00       148
         351       0.00      0.00      0.00       149
         352       0.00      0.00      0.00       121
         354       0.00      0.00      0.00       120
         356       0.00      0.00      0.00        99
         361       0.00      0.00      0.00       107
         362       0.00      0.00      0.00        85
         364       0.00      0.00      0.00        83
         365       0.00      0.00      0.00        69
         412       0.00      0.00      0.00       300
         413       0.00      0.00      0.00       246
         415       0.00      0.00      0.00       270
         416       0.00      0.00      0.00       204
         421       0.00      0.00      0.00       193
         423       1.00      0.01      0.02       131
         425       0.00      0.00      0.00       171
         426       0.00      0.00      0.00       150
         431       0.00      0.00      0.00       155
         432       0.00      0.00      0.00       121
         435       0.00      0.00      0.00       126
         436       0.00      0.00      0.00       100
         451       0.00      0.00      0.00       173
         452       0.00      0.00      0.00       128
         453       0.00      0.00      0.00       133
         456       0.00      0.00      0.00       155
         461       0.00      0.00      0.00       128
         462       0.00      0.00      0.00        88
         463       0.00      0.00      0.00        68
         465       0.00      0.00      0.00        82
           x       0.11      0.72      0.20      2661

    accuracy                           0.11     32437
   macro avg       0.05      0.02      0.01     32437
weighted avg       0.09      0.11      0.04     32437

BoatWebSocketServer "boosting_type=gbdt,learning_rate=0.007"
start: 2023/05/10_ 1:12:24.23
end  : 2023/05/10_ 1:13:35.45
