"90103 0.25"  
"=================================="  
Boosting round 0: training loss = 3.9564, validation loss = 4.4233
Boosting round 49: training loss = 6.4569, validation loss = 9.2035
Boosting round 99: training loss = 10.9081, validation loss = 13.2246
Training set score: 0.4649
Test set score: 0.0659
              precision    recall  f1-score   support

         123       0.12      0.15      0.13      3535
         124       0.08      0.09      0.09      2667
         125       0.07      0.06      0.07      1821
         126       0.05      0.04      0.04      1457
         132       0.08      0.08      0.08      2553
         134       0.07      0.06      0.07      2197
         135       0.05      0.04      0.04      1517
         136       0.06      0.03      0.04      1261
         142       0.08      0.06      0.07      1877
         143       0.06      0.05      0.05      1582
         145       0.03      0.03      0.03      1101
         146       0.04      0.04      0.04       955
         152       0.04      0.02      0.03      1100
         153       0.03      0.02      0.02       862
         154       0.03      0.02      0.02       719
         156       0.03      0.02      0.02       574
         162       0.03      0.02      0.02       702
         163       0.01      0.01      0.01       594
         164       0.02      0.01      0.01       510
         165       0.01      0.01      0.01       367
         213       0.05      0.03      0.03      1200
         214       0.04      0.02      0.03      1042
         215       0.03      0.03      0.03       692
         216       0.03      0.02      0.02       570
         231       0.03      0.02      0.02       501
         234       0.02      0.04      0.03       448
         235       0.03      0.06      0.04       360
         236       0.01      0.00      0.00       310
         241       0.00      0.00      0.00       439
         243       0.02      0.02      0.02       348
         245       0.01      0.01      0.01       275
         246       0.01      0.01      0.01       241
         251       0.01      0.01      0.01       294
         253       0.02      0.01      0.01       227
         254       0.02      0.02      0.02       205
         256       0.01      0.01      0.01       148
         261       0.00      0.00      0.00       234
         263       0.00      0.00      0.00       209
         264       0.01      0.01      0.01       150
         265       0.01      0.01      0.01       112
         312       0.04      0.03      0.03       618
         314       0.05      0.03      0.04       746
         315       0.04      0.03      0.03       561
         316       0.03      0.02      0.02       462
         321       0.03      0.02      0.03       438
         324       0.01      0.03      0.02       403
         325       0.01      0.01      0.01       333
         326       0.01      0.02      0.01       267
         341       0.02      0.01      0.02       369
         342       0.01      0.00      0.00       317
         345       0.00      0.00      0.00       312
         346       0.02      0.01      0.01       257
         351       0.01      0.01      0.01       242
         352       0.00      0.00      0.00       214
         354       0.01      0.01      0.01       219
         356       0.01      0.01      0.01       175
         361       0.00      0.00      0.00       175
         362       0.00      0.00      0.00       176
         364       0.01      0.01      0.01       162
         365       0.00      0.00      0.00       139
         412       0.02      0.01      0.02       531
         413       0.03      0.02      0.02       405
         415       0.02      0.01      0.01       447
         416       0.02      0.01      0.01       384
         421       0.02      0.02      0.02       334
         423       0.02      0.01      0.02       221
         425       0.00      0.00      0.00       245
         426       0.01      0.00      0.01       215
         431       0.01      0.01      0.01       268
         432       0.01      0.01      0.01       203
         435       0.02      0.02      0.02       259
         436       0.01      0.02      0.01       204
         451       0.02      0.02      0.02       330
         452       0.01      0.00      0.00       271
         453       0.00      0.00      0.00       237
         456       0.00      0.00      0.00       252
         461       0.01      0.03      0.02       199
         462       0.01      0.03      0.01       170
         463       0.01      0.01      0.01       127
         465       0.01      0.01      0.01       172
           x       0.15      0.28      0.19      5032

    accuracy                           0.07     53047
   macro avg       0.03      0.02      0.02     53047
weighted avg       0.06      0.07      0.06     53047

BoatWebSocketServer "boosting_type=gbdt,learning_rate=0.25"
start: 2023/05/07_18:06:45.16
end  : 2023/05/07_18:12:47.39
"90103 0.2"  
"=================================="  
Boosting round 0: training loss = 3.8810, validation loss = 4.2530
Boosting round 49: training loss = 7.2969, validation loss = 9.8882
Boosting round 99: training loss = 12.6612, validation loss = 14.6966
Training set score: 0.4346
Test set score: 0.0603
              precision    recall  f1-score   support

         123       0.11      0.14      0.13      3535
         124       0.09      0.10      0.09      2667
         125       0.06      0.05      0.05      1821
         126       0.06      0.04      0.05      1457
         132       0.08      0.08      0.08      2553
         134       0.08      0.07      0.07      2197
         135       0.05      0.04      0.04      1517
         136       0.06      0.03      0.04      1261
         142       0.07      0.06      0.07      1877
         143       0.06      0.04      0.05      1582
         145       0.03      0.02      0.03      1101
         146       0.04      0.02      0.03       955
         152       0.05      0.03      0.03      1100
         153       0.02      0.02      0.02       862
         154       0.02      0.01      0.01       719
         156       0.01      0.01      0.01       574
         162       0.03      0.02      0.02       702
         163       0.02      0.02      0.02       594
         164       0.01      0.01      0.01       510
         165       0.00      0.00      0.00       367
         213       0.04      0.05      0.04      1200
         214       0.06      0.03      0.04      1042
         215       0.02      0.02      0.02       692
         216       0.04      0.03      0.03       570
         231       0.03      0.02      0.02       501
         234       0.02      0.02      0.02       448
         235       0.02      0.02      0.02       360
         236       0.03      0.01      0.02       310
         241       0.03      0.01      0.02       439
         243       0.01      0.01      0.01       348
         245       0.01      0.03      0.02       275
         246       0.02      0.01      0.01       241
         251       0.00      0.00      0.00       294
         253       0.02      0.02      0.02       227
         254       0.00      0.00      0.00       205
         256       0.01      0.01      0.01       148
         261       0.01      0.02      0.01       234
         263       0.00      0.00      0.00       209
         264       0.01      0.03      0.02       150
         265       0.00      0.00      0.00       112
         312       0.04      0.02      0.03       618
         314       0.03      0.02      0.03       746
         315       0.02      0.02      0.02       561
         316       0.03      0.02      0.02       462
         321       0.01      0.00      0.00       438
         324       0.01      0.01      0.01       403
         325       0.01      0.03      0.02       333
         326       0.00      0.00      0.00       267
         341       0.02      0.01      0.02       369
         342       0.01      0.04      0.02       317
         345       0.02      0.01      0.01       312
         346       0.01      0.01      0.01       257
         351       0.01      0.00      0.00       242
         352       0.01      0.01      0.01       214
         354       0.00      0.00      0.00       219
         356       0.01      0.02      0.02       175
         361       0.00      0.01      0.00       175
         362       0.01      0.01      0.01       176
         364       0.00      0.01      0.01       162
         365       0.00      0.00      0.00       139
         412       0.02      0.02      0.02       531
         413       0.01      0.01      0.01       405
         415       0.02      0.02      0.02       447
         416       0.01      0.01      0.01       384
         421       0.01      0.01      0.01       334
         423       0.03      0.02      0.02       221
         425       0.00      0.00      0.00       245
         426       0.01      0.01      0.01       215
         431       0.01      0.01      0.01       268
         432       0.00      0.00      0.00       203
         435       0.01      0.01      0.01       259
         436       0.00      0.00      0.00       204
         451       0.03      0.03      0.03       330
         452       0.01      0.01      0.01       271
         453       0.01      0.02      0.01       237
         456       0.00      0.00      0.00       252
         461       0.02      0.04      0.02       199
         462       0.00      0.01      0.00       170
         463       0.00      0.00      0.00       127
         465       0.00      0.01      0.00       172
           x       0.13      0.23      0.17      5032

    accuracy                           0.06     53047
   macro avg       0.02      0.02      0.02     53047
weighted avg       0.05      0.06      0.05     53047

BoatWebSocketServer "boosting_type=gbdt,learning_rate=0.2"
start: 2023/05/07_18:12:47.78
end  : 2023/05/07_18:19:41.93
"90103 0.15"  
"=================================="  
Boosting round 0: training loss = 3.8234, validation loss = 4.0990
Boosting round 49: training loss = 2.6175, validation loss = 6.6882
Boosting round 99: training loss = 15.6457, validation loss = 17.5001
Training set score: 0.4877
Test set score: 0.0595
              precision    recall  f1-score   support

         123       0.12      0.16      0.14      3535
         124       0.08      0.10      0.09      2667
         125       0.06      0.05      0.06      1821
         126       0.04      0.03      0.04      1457
         132       0.08      0.09      0.09      2553
         134       0.06      0.05      0.05      2197
         135       0.05      0.03      0.04      1517
         136       0.05      0.05      0.05      1261
         142       0.07      0.06      0.06      1877
         143       0.06      0.04      0.05      1582
         145       0.03      0.02      0.02      1101
         146       0.04      0.03      0.03       955
         152       0.04      0.02      0.03      1100
         153       0.03      0.02      0.02       862
         154       0.02      0.01      0.02       719
         156       0.02      0.01      0.01       574
         162       0.04      0.02      0.03       702
         163       0.01      0.01      0.01       594
         164       0.01      0.01      0.01       510
         165       0.02      0.02      0.02       367
         213       0.04      0.04      0.04      1200
         214       0.04      0.05      0.04      1042
         215       0.04      0.02      0.02       692
         216       0.04      0.02      0.03       570
         231       0.01      0.00      0.00       501
         234       0.02      0.02      0.02       448
         235       0.02      0.01      0.01       360
         236       0.01      0.01      0.01       310
         241       0.03      0.02      0.03       439
         243       0.00      0.00      0.00       348
         245       0.01      0.00      0.00       275
         246       0.01      0.01      0.01       241
         251       0.01      0.01      0.01       294
         253       0.01      0.02      0.01       227
         254       0.00      0.00      0.00       205
         256       0.01      0.01      0.01       148
         261       0.01      0.00      0.01       234
         263       0.01      0.01      0.01       209
         264       0.00      0.00      0.00       150
         265       0.00      0.00      0.00       112
         312       0.02      0.01      0.02       618
         314       0.02      0.01      0.02       746
         315       0.02      0.01      0.01       561
         316       0.02      0.01      0.01       462
         321       0.01      0.01      0.01       438
         324       0.02      0.01      0.02       403
         325       0.01      0.01      0.01       333
         326       0.01      0.01      0.01       267
         341       0.01      0.01      0.01       369
         342       0.01      0.01      0.01       317
         345       0.00      0.00      0.00       312
         346       0.02      0.04      0.03       257
         351       0.00      0.00      0.00       242
         352       0.00      0.00      0.00       214
         354       0.01      0.01      0.01       219
         356       0.00      0.00      0.00       175
         361       0.01      0.02      0.01       175
         362       0.00      0.00      0.00       176
         364       0.00      0.00      0.00       162
         365       0.00      0.01      0.01       139
         412       0.01      0.02      0.02       531
         413       0.01      0.00      0.00       405
         415       0.02      0.01      0.02       447
         416       0.00      0.00      0.00       384
         421       0.02      0.01      0.01       334
         423       0.00      0.00      0.00       221
         425       0.00      0.02      0.01       245
         426       0.02      0.02      0.02       215
         431       0.01      0.01      0.01       268
         432       0.00      0.00      0.00       203
         435       0.00      0.00      0.00       259
         436       0.01      0.01      0.01       204
         451       0.01      0.01      0.01       330
         452       0.01      0.00      0.00       271
         453       0.01      0.00      0.01       237
         456       0.00      0.00      0.00       252
         461       0.01      0.01      0.01       199
         462       0.01      0.02      0.01       170
         463       0.00      0.00      0.00       127
         465       0.01      0.01      0.01       172
           x       0.12      0.23      0.16      5032

    accuracy                           0.06     53047
   macro avg       0.02      0.02      0.02     53047
weighted avg       0.05      0.06      0.05     53047

BoatWebSocketServer "boosting_type=gbdt,learning_rate=0.15"
start: 2023/05/07_18:19:41.99
end  : 2023/05/07_18:29:28.89
"90103 0.1"  
"=================================="  
Boosting round 0: training loss = 3.7972, validation loss = 3.9737
Boosting round 49: training loss = 0.9784, validation loss = 4.3458
Boosting round 99: training loss = 0.4496, validation loss = 4.6770
Training set score: 0.9720
Test set score: 0.0968
              precision    recall  f1-score   support

         123       0.12      0.21      0.15      3535
         124       0.09      0.12      0.10      2667
         125       0.06      0.05      0.06      1821
         126       0.05      0.03      0.04      1457
         132       0.08      0.11      0.09      2553
         134       0.08      0.09      0.08      2197
         135       0.07      0.05      0.05      1517
         136       0.06      0.03      0.04      1261
         142       0.07      0.08      0.07      1877
         143       0.06      0.06      0.06      1582
         145       0.05      0.02      0.03      1101
         146       0.04      0.02      0.02       955
         152       0.03      0.01      0.02      1100
         153       0.03      0.01      0.02       862
         154       0.03      0.01      0.02       719
         156       0.03      0.01      0.01       574
         162       0.05      0.02      0.02       702
         163       0.04      0.01      0.02       594
         164       0.05      0.01      0.02       510
         165       0.00      0.00      0.00       367
         213       0.05      0.03      0.04      1200
         214       0.06      0.04      0.05      1042
         215       0.03      0.01      0.01       692
         216       0.05      0.02      0.02       570
         231       0.05      0.02      0.02       501
         234       0.05      0.02      0.02       448
         235       0.02      0.01      0.01       360
         236       0.02      0.01      0.01       310
         241       0.01      0.00      0.00       439
         243       0.03      0.01      0.01       348
         245       0.03      0.01      0.02       275
         246       0.02      0.01      0.01       241
         251       0.04      0.01      0.01       294
         253       0.00      0.00      0.00       227
         254       0.01      0.00      0.01       205
         256       0.01      0.01      0.01       148
         261       0.01      0.00      0.01       234
         263       0.02      0.01      0.01       209
         264       0.01      0.01      0.01       150
         265       0.01      0.01      0.01       112
         312       0.04      0.01      0.02       618
         314       0.04      0.02      0.02       746
         315       0.03      0.01      0.02       561
         316       0.02      0.01      0.01       462
         321       0.02      0.00      0.00       438
         324       0.01      0.00      0.00       403
         325       0.05      0.01      0.02       333
         326       0.02      0.00      0.01       267
         341       0.04      0.01      0.02       369
         342       0.03      0.01      0.01       317
         345       0.03      0.01      0.01       312
         346       0.01      0.00      0.01       257
         351       0.03      0.01      0.01       242
         352       0.01      0.00      0.01       214
         354       0.00      0.00      0.00       219
         356       0.01      0.01      0.01       175
         361       0.03      0.02      0.02       175
         362       0.01      0.01      0.01       176
         364       0.01      0.01      0.01       162
         365       0.00      0.00      0.00       139
         412       0.02      0.01      0.01       531
         413       0.03      0.01      0.01       405
         415       0.05      0.02      0.02       447
         416       0.02      0.01      0.01       384
         421       0.00      0.00      0.00       334
         423       0.04      0.01      0.02       221
         425       0.03      0.01      0.01       245
         426       0.00      0.00      0.00       215
         431       0.00      0.00      0.00       268
         432       0.02      0.00      0.01       203
         435       0.04      0.02      0.02       259
         436       0.03      0.01      0.02       204
         451       0.02      0.00      0.01       330
         452       0.03      0.01      0.02       271
         453       0.04      0.01      0.02       237
         456       0.02      0.00      0.01       252
         461       0.03      0.01      0.01       199
         462       0.01      0.01      0.01       170
         463       0.01      0.01      0.01       127
         465       0.00      0.00      0.00       172
           x       0.15      0.55      0.23      5032

    accuracy                           0.10     53047
   macro avg       0.03      0.02      0.02     53047
weighted avg       0.06      0.10      0.06     53047

BoatWebSocketServer "boosting_type=gbdt,learning_rate=0.1"
start: 2023/05/07_18:29:28.97
end  : 2023/05/07_18:41:59.55
"90103 0.09"  
"=================================="  
Boosting round 0: training loss = 3.7987, validation loss = 3.9548
Boosting round 49: training loss = 1.0696, validation loss = 4.2491
Boosting round 99: training loss = 0.5173, validation loss = 4.5721
Training set score: 0.9635
Test set score: 0.0985
              precision    recall  f1-score   support

         123       0.11      0.20      0.15      3535
         124       0.09      0.13      0.10      2667
         125       0.07      0.06      0.07      1821
         126       0.05      0.04      0.04      1457
         132       0.09      0.12      0.10      2553
         134       0.08      0.09      0.08      2197
         135       0.06      0.04      0.05      1517
         136       0.05      0.02      0.03      1261
         142       0.07      0.08      0.07      1877
         143       0.06      0.06      0.06      1582
         145       0.06      0.03      0.04      1101
         146       0.05      0.02      0.03       955
         152       0.04      0.02      0.02      1100
         153       0.03      0.01      0.02       862
         154       0.03      0.01      0.01       719
         156       0.03      0.01      0.01       574
         162       0.07      0.02      0.03       702
         163       0.03      0.01      0.02       594
         164       0.02      0.00      0.01       510
         165       0.00      0.00      0.00       367
         213       0.06      0.04      0.05      1200
         214       0.06      0.04      0.05      1042
         215       0.06      0.02      0.04       692
         216       0.05      0.01      0.02       570
         231       0.02      0.00      0.01       501
         234       0.03      0.01      0.01       448
         235       0.04      0.01      0.01       360
         236       0.03      0.01      0.01       310
         241       0.04      0.01      0.01       439
         243       0.02      0.01      0.01       348
         245       0.06      0.02      0.03       275
         246       0.01      0.00      0.01       241
         251       0.04      0.01      0.01       294
         253       0.00      0.00      0.00       227
         254       0.02      0.01      0.01       205
         256       0.00      0.00      0.00       148
         261       0.01      0.00      0.01       234
         263       0.01      0.00      0.01       209
         264       0.00      0.00      0.00       150
         265       0.00      0.00      0.00       112
         312       0.03      0.01      0.02       618
         314       0.05      0.03      0.03       746
         315       0.04      0.02      0.02       561
         316       0.04      0.01      0.01       462
         321       0.02      0.00      0.00       438
         324       0.03      0.01      0.01       403
         325       0.05      0.01      0.02       333
         326       0.02      0.00      0.01       267
         341       0.05      0.01      0.02       369
         342       0.03      0.01      0.01       317
         345       0.03      0.01      0.01       312
         346       0.03      0.01      0.01       257
         351       0.00      0.00      0.00       242
         352       0.03      0.01      0.01       214
         354       0.01      0.00      0.01       219
         356       0.01      0.01      0.01       175
         361       0.00      0.00      0.00       175
         362       0.02      0.01      0.01       176
         364       0.00      0.00      0.00       162
         365       0.00      0.00      0.00       139
         412       0.02      0.01      0.01       531
         413       0.06      0.01      0.02       405
         415       0.02      0.01      0.01       447
         416       0.02      0.01      0.01       384
         421       0.00      0.00      0.00       334
         423       0.03      0.01      0.01       221
         425       0.03      0.01      0.02       245
         426       0.01      0.00      0.01       215
         431       0.00      0.00      0.00       268
         432       0.02      0.00      0.01       203
         435       0.01      0.00      0.01       259
         436       0.02      0.00      0.01       204
         451       0.08      0.01      0.02       330
         452       0.03      0.01      0.02       271
         453       0.04      0.01      0.02       237
         456       0.05      0.01      0.01       252
         461       0.02      0.01      0.01       199
         462       0.02      0.01      0.01       170
         463       0.01      0.01      0.01       127
         465       0.02      0.01      0.01       172
           x       0.15      0.56      0.23      5032

    accuracy                           0.10     53047
   macro avg       0.03      0.02      0.02     53047
weighted avg       0.06      0.10      0.06     53047

BoatWebSocketServer "boosting_type=gbdt,learning_rate=0.09"
start: 2023/05/07_18:41:59.62
end  : 2023/05/07_18:55:15.94
"90103 0.08"  
"=================================="  
Boosting round 0: training loss = 3.8035, validation loss = 3.9388
Boosting round 49: training loss = 1.1842, validation loss = 4.1536
Boosting round 99: training loss = 0.5987, validation loss = 4.4609
Training set score: 0.9514
Test set score: 0.0981
              precision    recall  f1-score   support

         123       0.12      0.20      0.15      3535
         124       0.08      0.12      0.10      2667
         125       0.07      0.06      0.06      1821
         126       0.06      0.04      0.05      1457
         132       0.09      0.12      0.10      2553
         134       0.08      0.09      0.08      2197
         135       0.07      0.05      0.06      1517
         136       0.05      0.02      0.03      1261
         142       0.08      0.09      0.08      1877
         143       0.06      0.06      0.06      1582
         145       0.05      0.02      0.03      1101
         146       0.04      0.02      0.02       955
         152       0.05      0.02      0.03      1100
         153       0.03      0.01      0.02       862
         154       0.03      0.01      0.01       719
         156       0.02      0.01      0.01       574
         162       0.06      0.02      0.03       702
         163       0.03      0.01      0.01       594
         164       0.02      0.01      0.01       510
         165       0.02      0.00      0.00       367
         213       0.06      0.04      0.05      1200
         214       0.06      0.04      0.05      1042
         215       0.05      0.02      0.03       692
         216       0.05      0.02      0.02       570
         231       0.03      0.01      0.01       501
         234       0.01      0.00      0.00       448
         235       0.05      0.01      0.02       360
         236       0.03      0.01      0.01       310
         241       0.04      0.01      0.01       439
         243       0.02      0.01      0.01       348
         245       0.04      0.01      0.02       275
         246       0.01      0.00      0.01       241
         251       0.03      0.00      0.01       294
         253       0.02      0.00      0.01       227
         254       0.01      0.00      0.01       205
         256       0.01      0.01      0.01       148
         261       0.00      0.00      0.00       234
         263       0.00      0.00      0.00       209
         264       0.02      0.01      0.01       150
         265       0.00      0.00      0.00       112
         312       0.03      0.01      0.02       618
         314       0.04      0.02      0.03       746
         315       0.06      0.02      0.03       561
         316       0.04      0.01      0.02       462
         321       0.00      0.00      0.00       438
         324       0.00      0.00      0.00       403
         325       0.01      0.00      0.00       333
         326       0.02      0.00      0.01       267
         341       0.07      0.01      0.02       369
         342       0.02      0.00      0.01       317
         345       0.01      0.00      0.01       312
         346       0.02      0.00      0.01       257
         351       0.00      0.00      0.00       242
         352       0.03      0.01      0.01       214
         354       0.03      0.01      0.01       219
         356       0.00      0.00      0.00       175
         361       0.00      0.00      0.00       175
         362       0.03      0.01      0.02       176
         364       0.00      0.00      0.00       162
         365       0.00      0.00      0.00       139
         412       0.02      0.01      0.01       531
         413       0.03      0.01      0.01       405
         415       0.03      0.01      0.01       447
         416       0.02      0.01      0.01       384
         421       0.00      0.00      0.00       334
         423       0.05      0.01      0.02       221
         425       0.04      0.01      0.02       245
         426       0.00      0.00      0.00       215
         431       0.02      0.00      0.01       268
         432       0.04      0.01      0.02       203
         435       0.00      0.00      0.00       259
         436       0.00      0.00      0.00       204
         451       0.02      0.00      0.01       330
         452       0.03      0.01      0.02       271
         453       0.04      0.01      0.01       237
         456       0.03      0.00      0.01       252
         461       0.07      0.02      0.03       199
         462       0.02      0.01      0.01       170
         463       0.00      0.00      0.00       127
         465       0.00      0.00      0.00       172
           x       0.15      0.56      0.23      5032

    accuracy                           0.10     53047
   macro avg       0.03      0.02      0.02     53047
weighted avg       0.06      0.10      0.06     53047

BoatWebSocketServer "boosting_type=gbdt,learning_rate=0.08"
start: 2023/05/07_18:55:16.00
end  : 2023/05/07_19:04:39.64
"90103 0.07"  
"=================================="  
Boosting round 0: training loss = 3.8121, validation loss = 3.9263
Boosting round 49: training loss = 1.3125, validation loss = 4.0708
Boosting round 99: training loss = 0.6953, validation loss = 4.3565
Training set score: 0.9365
Test set score: 0.1003
              precision    recall  f1-score   support

         123       0.12      0.20      0.15      3535
         124       0.08      0.12      0.10      2667
         125       0.07      0.06      0.06      1821
         126       0.06      0.04      0.05      1457
         132       0.09      0.12      0.10      2553
         134       0.08      0.09      0.08      2197
         135       0.06      0.05      0.05      1517
         136       0.06      0.03      0.04      1261
         142       0.07      0.08      0.07      1877
         143       0.05      0.05      0.05      1582
         145       0.05      0.02      0.03      1101
         146       0.05      0.02      0.03       955
         152       0.04      0.02      0.02      1100
         153       0.03      0.01      0.02       862
         154       0.03      0.01      0.01       719
         156       0.03      0.01      0.01       574
         162       0.04      0.02      0.02       702
         163       0.04      0.01      0.02       594
         164       0.02      0.01      0.01       510
         165       0.00      0.00      0.00       367
         213       0.06      0.04      0.05      1200
         214       0.06      0.04      0.05      1042
         215       0.04      0.02      0.02       692
         216       0.07      0.02      0.03       570
         231       0.05      0.02      0.02       501
         234       0.02      0.01      0.02       448
         235       0.03      0.01      0.01       360
         236       0.06      0.01      0.02       310
         241       0.06      0.02      0.03       439
         243       0.04      0.01      0.02       348
         245       0.05      0.01      0.02       275
         246       0.05      0.01      0.02       241
         251       0.03      0.00      0.01       294
         253       0.00      0.00      0.00       227
         254       0.03      0.01      0.02       205
         256       0.00      0.00      0.00       148
         261       0.00      0.00      0.00       234
         263       0.00      0.00      0.00       209
         264       0.00      0.00      0.00       150
         265       0.00      0.00      0.00       112
         312       0.02      0.01      0.01       618
         314       0.04      0.02      0.03       746
         315       0.05      0.02      0.03       561
         316       0.06      0.02      0.03       462
         321       0.02      0.00      0.00       438
         324       0.02      0.00      0.01       403
         325       0.00      0.00      0.00       333
         326       0.02      0.00      0.01       267
         341       0.02      0.01      0.01       369
         342       0.00      0.00      0.00       317
         345       0.02      0.00      0.01       312
         346       0.04      0.01      0.01       257
         351       0.00      0.00      0.00       242
         352       0.06      0.01      0.02       214
         354       0.02      0.00      0.01       219
         356       0.00      0.00      0.00       175
         361       0.02      0.01      0.01       175
         362       0.02      0.01      0.01       176
         364       0.00      0.00      0.00       162
         365       0.05      0.02      0.03       139
         412       0.02      0.01      0.01       531
         413       0.03      0.01      0.01       405
         415       0.04      0.01      0.01       447
         416       0.02      0.01      0.01       384
         421       0.02      0.00      0.01       334
         423       0.00      0.00      0.00       221
         425       0.03      0.01      0.01       245
         426       0.00      0.00      0.00       215
         431       0.00      0.00      0.00       268
         432       0.03      0.00      0.01       203
         435       0.05      0.01      0.02       259
         436       0.00      0.00      0.00       204
         451       0.00      0.00      0.00       330
         452       0.05      0.01      0.02       271
         453       0.03      0.00      0.01       237
         456       0.04      0.00      0.01       252
         461       0.05      0.01      0.02       199
         462       0.02      0.01      0.01       170
         463       0.02      0.01      0.01       127
         465       0.00      0.00      0.00       172
           x       0.15      0.58      0.24      5032

    accuracy                           0.10     53047
   macro avg       0.03      0.02      0.02     53047
weighted avg       0.06      0.10      0.06     53047

BoatWebSocketServer "boosting_type=gbdt,learning_rate=0.07"
start: 2023/05/07_19:04:39.67
end  : 2023/05/07_19:10:58.60
"90103 0.06"  
"=================================="  
Boosting round 0: training loss = 3.8249, validation loss = 3.9175
Boosting round 49: training loss = 1.4718, validation loss = 4.0023
Boosting round 99: training loss = 0.8140, validation loss = 4.2581
Terminate batch job (Y/N)? 
BoatWebSocketServer "boosting_type=gbdt,learning_rate=0.06"
start: 2023/05/07_19:10:58.62
end  : 2023/05/07_19:15:47.57
"90103 0.05"  
"=================================="  
Terminate batch job (Y/N)? 
Terminate batch job (Y/N)? 
BoatWebSocketServer "boosting_type=gbdt,learning_rate=0.05"
Terminate batch job (Y/N)? 
start: 2023/05/07_19:15:47.61
Terminate batch job (Y/N)? 
end  : 2023/05/07_19:15:47.93
Terminate batch job (Y/N)? 
"90103 0.04"  
"=================================="  
Terminate batch job (Y/N)? 
Terminate batch job (Y/N)? 
BoatWebSocketServer "boosting_type=gbdt,learning_rate=0.04"
start: 2023/05/07_19:15:49.00
end  : 2023/05/07_19:15:50.44
"90103 0.03"  
"=================================="  
Terminate batch job (Y/N)? 
Terminate batch job (Y/N)? 
BoatWebSocketServer "boosting_type=gbdt,learning_rate=0.03"
Terminate batch job (Y/N)? 
start: 2023/05/07_19:15:50.63
Terminate batch job (Y/N)? 
end  : 2023/05/07_19:15:50.92
Terminate batch job (Y/N)? 
"90103 0.01"  
"=================================="  
Boosting round 0: training loss = 3.9393, validation loss = 3.9167
Boosting round 49: training loss = 3.1461, validation loss = 3.8506
Boosting round 99: training loss = 2.6194, validation loss = 3.8405
Training set score: 0.3394
Test set score: 0.1063
              precision    recall  f1-score   support

         123       0.13      0.16      0.14      3535
         124       0.10      0.06      0.08      2667
         125       0.09      0.01      0.02      1821
         126       0.08      0.00      0.01      1457
         132       0.09      0.04      0.05      2553
         134       0.10      0.04      0.05      2197
         135       0.08      0.01      0.01      1517
         136       0.11      0.00      0.01      1261
         142       0.09      0.03      0.04      1877
         143       0.06      0.01      0.02      1582
         145       0.00      0.00      0.00      1101
         146       0.00      0.00      0.00       955
         152       0.00      0.00      0.00      1100
         153       0.00      0.00      0.00       862
         154       0.00      0.00      0.00       719
         156       0.33      0.00      0.00       574
         162       0.17      0.00      0.00       702
         163       0.10      0.00      0.00       594
         164       0.17      0.00      0.00       510
         165       0.00      0.00      0.00       367
         213       0.07      0.01      0.01      1200
         214       0.07      0.01      0.01      1042
         215       0.00      0.00      0.00       692
         216       0.20      0.00      0.01       570
         231       0.00      0.00      0.00       501
         234       0.00      0.00      0.00       448
         235       0.00      0.00      0.00       360
         236       0.11      0.00      0.01       310
         241       0.06      0.00      0.00       439
         243       0.00      0.00      0.00       348
         245       0.00      0.00      0.00       275
         246       0.18      0.01      0.02       241
         251       0.00      0.00      0.00       294
         253       0.00      0.00      0.00       227
         254       0.00      0.00      0.00       205
         256       0.00      0.00      0.00       148
         261       0.00      0.00      0.00       234
         263       0.00      0.00      0.00       209
         264       0.00      0.00      0.00       150
         265       0.00      0.00      0.00       112
         312       0.15      0.00      0.01       618
         314       0.06      0.01      0.01       746
         315       0.04      0.00      0.00       561
         316       0.06      0.00      0.00       462
         321       0.00      0.00      0.00       438
         324       0.00      0.00      0.00       403
         325       0.17      0.00      0.01       333
         326       0.00      0.00      0.00       267
         341       0.20      0.01      0.01       369
         342       0.17      0.00      0.01       317
         345       0.00      0.00      0.00       312
         346       0.00      0.00      0.00       257
         351       0.00      0.00      0.00       242
         352       0.00      0.00      0.00       214
         354       0.00      0.00      0.00       219
         356       0.33      0.01      0.01       175
         361       0.00      0.00      0.00       175
         362       0.00      0.00      0.00       176
         364       0.00      0.00      0.00       162
         365       0.00      0.00      0.00       139
         412       0.05      0.00      0.01       531
         413       0.06      0.00      0.00       405
         415       0.12      0.01      0.01       447
         416       0.08      0.00      0.01       384
         421       0.12      0.00      0.01       334
         423       0.00      0.00      0.00       221
         425       0.00      0.00      0.00       245
         426       0.00      0.00      0.00       215
         431       0.00      0.00      0.00       268
         432       0.12      0.00      0.01       203
         435       0.00      0.00      0.00       259
         436       0.00      0.00      0.00       204
         451       0.00      0.00      0.00       330
         452       0.00      0.00      0.00       271
         453       0.00      0.00      0.00       237
         456       0.00      0.00      0.00       252
         461       0.00      0.00      0.00       199
         462       0.00      0.00      0.00       170
         463       0.00      0.00      0.00       127
         465       0.00      0.00      0.00       172
           x       0.11      0.91      0.19      5032

    accuracy                           0.11     53047
   macro avg       0.05      0.02      0.01     53047
weighted avg       0.07      0.11      0.04     53047

BoatWebSocketServer "boosting_type=gbdt,learning_rate=0.01"
start: 2023/05/07_19:20:45.11
end  : 2023/05/07_19:25:58.55
"90103 0.001"  
"=================================="  
Boosting round 0: training loss = 3.9636, validation loss = 3.9197
Boosting round 49: training loss = 3.8520, validation loss = 3.9055
Boosting round 99: training loss = 3.7519, validation loss = 3.8942
Training set score: 0.1050
Test set score: 0.0949
              precision    recall  f1-score   support

         123       0.00      0.00      0.00      3535
         124       0.00      0.00      0.00      2667
         125       0.00      0.00      0.00      1821
         126       0.00      0.00      0.00      1457
         132       0.00      0.00      0.00      2553
         134       0.00      0.00      0.00      2197
         135       0.00      0.00      0.00      1517
         136       0.00      0.00      0.00      1261
         142       0.00      0.00      0.00      1877
         143       0.00      0.00      0.00      1582
         145       0.00      0.00      0.00      1101
         146       0.00      0.00      0.00       955
         152       0.00      0.00      0.00      1100
         153       0.00      0.00      0.00       862
         154       0.00      0.00      0.00       719
         156       0.00      0.00      0.00       574
         162       0.00      0.00      0.00       702
         163       0.00      0.00      0.00       594
         164       0.00      0.00      0.00       510
         165       0.00      0.00      0.00       367
         213       0.00      0.00      0.00      1200
         214       0.00      0.00      0.00      1042
         215       0.00      0.00      0.00       692
         216       0.00      0.00      0.00       570
         231       0.00      0.00      0.00       501
         234       0.00      0.00      0.00       448
         235       0.00      0.00      0.00       360
         236       0.00      0.00      0.00       310
         241       0.00      0.00      0.00       439
         243       0.00      0.00      0.00       348
         245       0.00      0.00      0.00       275
         246       0.00      0.00      0.00       241
         251       0.00      0.00      0.00       294
         253       0.00      0.00      0.00       227
         254       0.00      0.00      0.00       205
         256       0.00      0.00      0.00       148
         261       0.00      0.00      0.00       234
         263       0.00      0.00      0.00       209
         264       0.00      0.00      0.00       150
         265       0.00      0.00      0.00       112
         312       0.00      0.00      0.00       618
         314       0.00      0.00      0.00       746
         315       0.00      0.00      0.00       561
         316       0.00      0.00      0.00       462
         321       0.00      0.00      0.00       438
         324       0.00      0.00      0.00       403
         325       0.00      0.00      0.00       333
         326       0.00      0.00      0.00       267
         341       0.00      0.00      0.00       369
         342       0.00      0.00      0.00       317
         345       0.00      0.00      0.00       312
         346       0.00      0.00      0.00       257
         351       0.00      0.00      0.00       242
         352       0.00      0.00      0.00       214
         354       0.00      0.00      0.00       219
         356       0.00      0.00      0.00       175
         361       0.00      0.00      0.00       175
         362       0.00      0.00      0.00       176
         364       0.00      0.00      0.00       162
         365       0.00      0.00      0.00       139
         412       0.00      0.00      0.00       531
         413       0.00      0.00      0.00       405
         415       0.00      0.00      0.00       447
         416       0.00      0.00      0.00       384
         421       0.00      0.00      0.00       334
         423       0.00      0.00      0.00       221
         425       0.00      0.00      0.00       245
         426       0.00      0.00      0.00       215
         431       0.00      0.00      0.00       268
         432       0.00      0.00      0.00       203
         435       0.00      0.00      0.00       259
         436       0.00      0.00      0.00       204
         451       0.00      0.00      0.00       330
         452       0.00      0.00      0.00       271
         453       0.00      0.00      0.00       237
         456       0.00      0.00      0.00       252
         461       0.00      0.00      0.00       199
         462       0.00      0.00      0.00       170
         463       0.00      0.00      0.00       127
         465       0.00      0.00      0.00       172
           x       0.09      1.00      0.17      5032

    accuracy                           0.09     53047
   macro avg       0.00      0.01      0.00     53047
weighted avg       0.01      0.09      0.02     53047

BoatWebSocketServer "boosting_type=gbdt,learning_rate=0.001"
start: 2023/05/07_19:29:32.86
end  : 2023/05/07_19:34:33.90
"90103 0.007"  
"=================================="  
Boosting round 0: training loss = 3.9474, validation loss = 3.9177
Boosting round 49: training loss = 3.3437, validation loss = 3.8605
Boosting round 99: training loss = 2.9180, validation loss = 3.8428
Training set score: 0.2154
Test set score: 0.1021
              precision    recall  f1-score   support

         123       0.14      0.10      0.12      3535
         124       0.12      0.04      0.06      2667
         125       0.13      0.00      0.01      1821
         126       0.25      0.00      0.00      1457
         132       0.09      0.01      0.02      2553
         134       0.12      0.02      0.03      2197
         135       0.03      0.00      0.00      1517
         136       0.00      0.00      0.00      1261
         142       0.07      0.01      0.01      1877
         143       0.11      0.01      0.01      1582
         145       0.00      0.00      0.00      1101
         146       0.00      0.00      0.00       955
         152       0.00      0.00      0.00      1100
         153       0.00      0.00      0.00       862
         154       0.00      0.00      0.00       719
         156       0.00      0.00      0.00       574
         162       0.00      0.00      0.00       702
         163       0.00      0.00      0.00       594
         164       0.00      0.00      0.00       510
         165       0.00      0.00      0.00       367
         213       0.06      0.00      0.00      1200
         214       0.09      0.00      0.01      1042
         215       0.00      0.00      0.00       692
         216       0.33      0.00      0.00       570
         231       0.00      0.00      0.00       501
         234       0.00      0.00      0.00       448
         235       0.00      0.00      0.00       360
         236       0.00      0.00      0.00       310
         241       0.00      0.00      0.00       439
         243       0.00      0.00      0.00       348
         245       0.00      0.00      0.00       275
         246       0.00      0.00      0.00       241
         251       0.00      0.00      0.00       294
         253       0.00      0.00      0.00       227
         254       0.00      0.00      0.00       205
         256       0.00      0.00      0.00       148
         261       0.00      0.00      0.00       234
         263       0.00      0.00      0.00       209
         264       0.00      0.00      0.00       150
         265       0.00      0.00      0.00       112
         312       0.00      0.00      0.00       618
         314       0.08      0.00      0.01       746
         315       0.20      0.00      0.00       561
         316       0.50      0.00      0.00       462
         321       0.00      0.00      0.00       438
         324       0.00      0.00      0.00       403
         325       0.00      0.00      0.00       333
         326       0.00      0.00      0.00       267
         341       0.25      0.00      0.01       369
         342       0.00      0.00      0.00       317
         345       0.00      0.00      0.00       312
         346       0.00      0.00      0.00       257
         351       0.00      0.00      0.00       242
         352       0.00      0.00      0.00       214
         354       0.00      0.00      0.00       219
         356       0.00      0.00      0.00       175
         361       0.00      0.00      0.00       175
         362       0.00      0.00      0.00       176
         364       0.00      0.00      0.00       162
         365       0.00      0.00      0.00       139
         412       0.11      0.00      0.00       531
         413       0.00      0.00      0.00       405
         415       0.27      0.01      0.01       447
         416       0.00      0.00      0.00       384
         421       0.00      0.00      0.00       334
         423       0.00      0.00      0.00       221
         425       0.00      0.00      0.00       245
         426       0.00      0.00      0.00       215
         431       0.00      0.00      0.00       268
         432       0.00      0.00      0.00       203
         435       0.00      0.00      0.00       259
         436       0.00      0.00      0.00       204
         451       0.00      0.00      0.00       330
         452       0.00      0.00      0.00       271
         453       0.00      0.00      0.00       237
         456       0.00      0.00      0.00       252
         461       0.00      0.00      0.00       199
         462       0.00      0.00      0.00       170
         463       0.00      0.00      0.00       127
         465       0.00      0.00      0.00       172
           x       0.10      0.96      0.18      5032

    accuracy                           0.10     53047
   macro avg       0.04      0.01      0.01     53047
weighted avg       0.07      0.10      0.03     53047

BoatWebSocketServer "boosting_type=gbdt,learning_rate=0.007"
start: 2023/05/07_19:44:53.66
end  : 2023/05/07_19:50:21.18
"90103 0.009"  
"=================================="  
Boosting round 0: training loss = 3.9420, validation loss = 3.9170
Boosting round 49: training loss = 3.2092, validation loss = 3.8531
Boosting round 99: training loss = 2.7136, validation loss = 3.8403
Training set score: 0.2973
Test set score: 0.1053
              precision    recall  f1-score   support

         123       0.14      0.14      0.14      3535
         124       0.10      0.06      0.07      2667
         125       0.10      0.01      0.02      1821
         126       0.11      0.00      0.00      1457
         132       0.10      0.03      0.05      2553
         134       0.10      0.03      0.04      2197
         135       0.07      0.00      0.01      1517
         136       0.14      0.00      0.01      1261
         142       0.09      0.02      0.03      1877
         143       0.07      0.01      0.02      1582
         145       0.08      0.00      0.00      1101
         146       0.06      0.00      0.00       955
         152       0.00      0.00      0.00      1100
         153       0.00      0.00      0.00       862
         154       0.00      0.00      0.00       719
         156       0.00      0.00      0.00       574
         162       0.00      0.00      0.00       702
         163       0.14      0.00      0.00       594
         164       0.00      0.00      0.00       510
         165       0.00      0.00      0.00       367
         213       0.08      0.01      0.01      1200
         214       0.09      0.01      0.01      1042
         215       0.00      0.00      0.00       692
         216       0.40      0.00      0.01       570
         231       0.00      0.00      0.00       501
         234       0.00      0.00      0.00       448
         235       0.00      0.00      0.00       360
         236       0.00      0.00      0.00       310
         241       0.10      0.00      0.00       439
         243       0.00      0.00      0.00       348
         245       0.00      0.00      0.00       275
         246       0.20      0.01      0.02       241
         251       0.00      0.00      0.00       294
         253       0.00      0.00      0.00       227
         254       0.00      0.00      0.00       205
         256       0.00      0.00      0.00       148
         261       0.00      0.00      0.00       234
         263       0.00      0.00      0.00       209
         264       0.00      0.00      0.00       150
         265       0.00      0.00      0.00       112
         312       0.08      0.00      0.00       618
         314       0.07      0.01      0.01       746
         315       0.06      0.00      0.00       561
         316       0.00      0.00      0.00       462
         321       0.00      0.00      0.00       438
         324       0.00      0.00      0.00       403
         325       0.00      0.00      0.00       333
         326       0.00      0.00      0.00       267
         341       0.17      0.00      0.01       369
         342       0.00      0.00      0.00       317
         345       0.00      0.00      0.00       312
         346       0.00      0.00      0.00       257
         351       0.00      0.00      0.00       242
         352       0.00      0.00      0.00       214
         354       0.00      0.00      0.00       219
         356       0.00      0.00      0.00       175
         361       0.00      0.00      0.00       175
         362       0.00      0.00      0.00       176
         364       0.00      0.00      0.00       162
         365       0.00      0.00      0.00       139
         412       0.00      0.00      0.00       531
         413       0.00      0.00      0.00       405
         415       0.20      0.01      0.01       447
         416       0.10      0.00      0.01       384
         421       0.25      0.00      0.01       334
         423       0.00      0.00      0.00       221
         425       0.00      0.00      0.00       245
         426       0.00      0.00      0.00       215
         431       0.00      0.00      0.00       268
         432       0.00      0.00      0.00       203
         435       0.00      0.00      0.00       259
         436       0.00      0.00      0.00       204
         451       0.00      0.00      0.00       330
         452       0.00      0.00      0.00       271
         453       0.00      0.00      0.00       237
         456       0.00      0.00      0.00       252
         461       0.00      0.00      0.00       199
         462       0.00      0.00      0.00       170
         463       0.00      0.00      0.00       127
         465       0.00      0.00      0.00       172
           x       0.10      0.93      0.19      5032

    accuracy                           0.11     53047
   macro avg       0.04      0.02      0.01     53047
weighted avg       0.07      0.11      0.04     53047

BoatWebSocketServer "boosting_type=gbdt,learning_rate=0.009"
start: 2023/05/07_20:09:24.68
end  : 2023/05/07_20:14:57.51
"90103 0.02"  VVV
"=================================="  
Boosting round 0: training loss = 3.9128, validation loss = 3.9137
Boosting round 49: training loss = 2.6183, validation loss = 3.8451
Boosting round 99: training loss = 1.9017, validation loss = 3.8750
Training set score: 0.6559
Test set score: 0.1093
              precision    recall  f1-score   support

         123       0.12      0.22      0.16      3535
         124       0.10      0.11      0.11      2667
         125       0.06      0.03      0.04      1821
         126       0.05      0.01      0.02      1457
         132       0.09      0.08      0.08      2553
         134       0.08      0.07      0.07      2197
         135       0.07      0.02      0.03      1517
         136       0.08      0.02      0.03      1261
         142       0.08      0.06      0.07      1877
         143       0.07      0.04      0.05      1582
         145       0.05      0.01      0.02      1101
         146       0.03      0.01      0.01       955
         152       0.06      0.01      0.01      1100
         153       0.03      0.00      0.01       862
         154       0.03      0.00      0.01       719
         156       0.06      0.01      0.01       574
         162       0.04      0.00      0.01       702
         163       0.08      0.01      0.02       594
         164       0.00      0.00      0.00       510
         165       0.00      0.00      0.00       367
         213       0.06      0.02      0.03      1200
         214       0.07      0.03      0.04      1042
         215       0.06      0.01      0.02       692
         216       0.07      0.01      0.02       570
         231       0.01      0.00      0.00       501
         234       0.01      0.00      0.00       448
         235       0.05      0.01      0.01       360
         236       0.00      0.00      0.00       310
         241       0.06      0.01      0.02       439
         243       0.01      0.00      0.00       348
         245       0.00      0.00      0.00       275
         246       0.05      0.01      0.01       241
         251       0.00      0.00      0.00       294
         253       0.00      0.00      0.00       227
         254       0.06      0.00      0.01       205
         256       0.00      0.00      0.00       148
         261       0.00      0.00      0.00       234
         263       0.00      0.00      0.00       209
         264       0.00      0.00      0.00       150
         265       0.00      0.00      0.00       112
         312       0.08      0.02      0.03       618
         314       0.06      0.02      0.03       746
         315       0.08      0.02      0.03       561
         316       0.06      0.01      0.02       462
         321       0.04      0.00      0.00       438
         324       0.02      0.00      0.01       403
         325       0.03      0.00      0.01       333
         326       0.00      0.00      0.00       267
         341       0.04      0.01      0.01       369
         342       0.03      0.00      0.01       317
         345       0.00      0.00      0.00       312
         346       0.00      0.00      0.00       257
         351       0.00      0.00      0.00       242
         352       0.00      0.00      0.00       214
         354       0.00      0.00      0.00       219
         356       0.00      0.00      0.00       175
         361       0.00      0.00      0.00       175
         362       0.00      0.00      0.00       176
         364       0.00      0.00      0.00       162
         365       0.00      0.00      0.00       139
         412       0.01      0.00      0.01       531
         413       0.03      0.00      0.01       405
         415       0.05      0.01      0.02       447
         416       0.03      0.01      0.01       384
         421       0.00      0.00      0.00       334
         423       0.00      0.00      0.00       221
         425       0.00      0.00      0.00       245
         426       0.00      0.00      0.00       215
         431       0.04      0.00      0.01       268
         432       0.04      0.00      0.01       203
         435       0.03      0.00      0.01       259
         436       0.00      0.00      0.00       204
         451       0.00      0.00      0.00       330
         452       0.04      0.00      0.01       271
         453       0.00      0.00      0.00       237
         456       0.00      0.00      0.00       252
         461       0.00      0.00      0.00       199
         462       0.00      0.00      0.00       170
         463       0.00      0.00      0.00       127
         465       0.00      0.00      0.00       172
           x       0.13      0.77      0.22      5032

    accuracy                           0.11     53047
   macro avg       0.03      0.02      0.02     53047
weighted avg       0.06      0.11      0.06     53047

BoatWebSocketServer "boosting_type=gbdt,learning_rate=0.02"
start: 2023/05/07_21:12:51.73
end  : 2023/05/07_21:17:52.36
"90103 0.05"  
"=================================="  
Boosting round 0: training loss = 3.8420, validation loss = 3.9124
Boosting round 49: training loss = 1.6659, validation loss = 3.9410
Boosting round 99: training loss = 0.9678, validation loss = 4.1541
Training set score: 0.8898
Test set score: 0.1030
              precision    recall  f1-score   support

         123       0.12      0.21      0.15      3535
         124       0.09      0.12      0.10      2667
         125       0.07      0.06      0.06      1821
         126       0.05      0.04      0.04      1457
         132       0.09      0.11      0.10      2553
         134       0.08      0.09      0.08      2197
         135       0.06      0.04      0.05      1517
         136       0.06      0.03      0.04      1261
         142       0.07      0.08      0.07      1877
         143       0.07      0.06      0.06      1582
         145       0.05      0.03      0.03      1101
         146       0.04      0.02      0.03       955
         152       0.05      0.02      0.03      1100
         153       0.03      0.01      0.02       862
         154       0.04      0.01      0.02       719
         156       0.02      0.01      0.01       574
         162       0.04      0.01      0.02       702
         163       0.04      0.01      0.02       594
         164       0.05      0.01      0.02       510
         165       0.00      0.00      0.00       367
         213       0.06      0.04      0.05      1200
         214       0.06      0.04      0.05      1042
         215       0.05      0.02      0.03       692
         216       0.05      0.02      0.03       570
         231       0.05      0.02      0.02       501
         234       0.01      0.00      0.01       448
         235       0.04      0.01      0.01       360
         236       0.02      0.00      0.01       310
         241       0.06      0.02      0.03       439
         243       0.04      0.01      0.02       348
         245       0.02      0.00      0.01       275
         246       0.08      0.01      0.02       241
         251       0.04      0.00      0.01       294
         253       0.00      0.00      0.00       227
         254       0.02      0.00      0.01       205
         256       0.00      0.00      0.00       148
         261       0.00      0.00      0.00       234
         263       0.02      0.00      0.01       209
         264       0.00      0.00      0.00       150
         265       0.00      0.00      0.00       112
         312       0.03      0.01      0.02       618
         314       0.05      0.03      0.03       746
         315       0.07      0.03      0.04       561
         316       0.06      0.02      0.02       462
         321       0.03      0.00      0.01       438
         324       0.03      0.01      0.02       403
         325       0.02      0.00      0.01       333
         326       0.00      0.00      0.00       267
         341       0.05      0.01      0.02       369
         342       0.06      0.01      0.02       317
         345       0.00      0.00      0.00       312
         346       0.00      0.00      0.00       257
         351       0.04      0.00      0.01       242
         352       0.00      0.00      0.00       214
         354       0.03      0.00      0.01       219
         356       0.00      0.00      0.00       175
         361       0.03      0.01      0.01       175
         362       0.03      0.01      0.01       176
         364       0.00      0.00      0.00       162
         365       0.00      0.00      0.00       139
         412       0.02      0.01      0.01       531
         413       0.04      0.01      0.02       405
         415       0.03      0.01      0.01       447
         416       0.01      0.00      0.00       384
         421       0.01      0.00      0.00       334
         423       0.05      0.01      0.02       221
         425       0.06      0.01      0.01       245
         426       0.00      0.00      0.00       215
         431       0.00      0.00      0.00       268
         432       0.06      0.01      0.02       203
         435       0.00      0.00      0.00       259
         436       0.00      0.00      0.00       204
         451       0.05      0.01      0.02       330
         452       0.04      0.01      0.01       271
         453       0.04      0.00      0.01       237
         456       0.03      0.00      0.01       252
         461       0.04      0.01      0.01       199
         462       0.00      0.00      0.00       170
         463       0.00      0.00      0.00       127
         465       0.00      0.00      0.00       172
           x       0.14      0.61      0.23      5032

    accuracy                           0.10     53047
   macro avg       0.04      0.02      0.02     53047
weighted avg       0.06      0.10      0.07     53047

BoatWebSocketServer "boosting_type=gbdt,learning_rate=0.05"
start: 2023/05/07_21:21:56.17
end  : 2023/05/07_21:27:23.23
"90103 0.03"  
"=================================="  
Boosting round 0: training loss = 3.8870, validation loss = 3.9115
Boosting round 49: training loss = 2.2190, validation loss = 3.8620
Boosting round 99: training loss = 1.4623, validation loss = 3.9503
Training set score: 0.7884
Test set score: 0.1065
              precision    recall  f1-score   support

         123       0.12      0.21      0.15      3535
         124       0.09      0.12      0.10      2667
         125       0.06      0.04      0.05      1821
         126       0.05      0.02      0.03      1457
         132       0.09      0.10      0.09      2553
         134       0.08      0.07      0.08      2197
         135       0.06      0.03      0.04      1517
         136       0.06      0.02      0.03      1261
         142       0.08      0.07      0.07      1877
         143       0.07      0.06      0.06      1582
         145       0.06      0.02      0.03      1101
         146       0.06      0.02      0.03       955
         152       0.06      0.02      0.03      1100
         153       0.04      0.01      0.02       862
         154       0.03      0.01      0.01       719
         156       0.03      0.01      0.01       574
         162       0.03      0.01      0.01       702
         163       0.04      0.01      0.02       594
         164       0.03      0.01      0.01       510
         165       0.00      0.00      0.00       367
         213       0.07      0.03      0.05      1200
         214       0.08      0.04      0.05      1042
         215       0.04      0.01      0.02       692
         216       0.05      0.01      0.02       570
         231       0.04      0.01      0.02       501
         234       0.02      0.01      0.01       448
         235       0.07      0.01      0.02       360
         236       0.00      0.00      0.00       310
         241       0.04      0.01      0.02       439
         243       0.04      0.01      0.02       348
         245       0.08      0.01      0.02       275
         246       0.05      0.01      0.01       241
         251       0.14      0.01      0.02       294
         253       0.00      0.00      0.00       227
         254       0.06      0.01      0.02       205
         256       0.00      0.00      0.00       148
         261       0.00      0.00      0.00       234
         263       0.04      0.00      0.01       209
         264       0.00      0.00      0.00       150
         265       0.00      0.00      0.00       112
         312       0.06      0.02      0.03       618
         314       0.05      0.02      0.03       746
         315       0.07      0.02      0.03       561
         316       0.05      0.01      0.02       462
         321       0.00      0.00      0.00       438
         324       0.03      0.01      0.02       403
         325       0.06      0.01      0.02       333
         326       0.00      0.00      0.00       267
         341       0.04      0.01      0.01       369
         342       0.02      0.00      0.01       317
         345       0.00      0.00      0.00       312
         346       0.00      0.00      0.00       257
         351       0.05      0.00      0.01       242
         352       0.00      0.00      0.00       214
         354       0.04      0.00      0.01       219
         356       0.00      0.00      0.00       175
         361       0.00      0.00      0.00       175
         362       0.00      0.00      0.00       176
         364       0.00      0.00      0.00       162
         365       0.00      0.00      0.00       139
         412       0.02      0.01      0.01       531
         413       0.05      0.01      0.02       405
         415       0.02      0.01      0.01       447
         416       0.03      0.01      0.01       384
         421       0.00      0.00      0.00       334
         423       0.00      0.00      0.00       221
         425       0.00      0.00      0.00       245
         426       0.00      0.00      0.00       215
         431       0.00      0.00      0.00       268
         432       0.03      0.00      0.01       203
         435       0.00      0.00      0.00       259
         436       0.00      0.00      0.00       204
         451       0.00      0.00      0.00       330
         452       0.07      0.01      0.02       271
         453       0.00      0.00      0.00       237
         456       0.00      0.00      0.00       252
         461       0.00      0.00      0.00       199
         462       0.00      0.00      0.00       170
         463       0.06      0.01      0.01       127
         465       0.00      0.00      0.00       172
           x       0.14      0.69      0.23      5032

    accuracy                           0.11     53047
   macro avg       0.03      0.02      0.02     53047
weighted avg       0.06      0.11      0.06     53047

BoatWebSocketServer "boosting_type=gbdt,learning_rate=0.03"
start: 2023/05/07_21:30:59.32
end  : 2023/05/07_21:36:21.59
