"90102 0.25"  
"=================================="  
Boosting round 0: training loss = 2.7983, validation loss = 2.8962
Boosting round 49: training loss = 0.6775, validation loss = 3.2425
Boosting round 99: training loss = 0.2909, validation loss = 3.5303
Training set score: 0.9845
Test set score: 0.1785
              precision    recall  f1-score   support

          12       0.24      0.45      0.31      9480
          13       0.20      0.31      0.24      7528
          14       0.17      0.22      0.19      5515
          15       0.13      0.10      0.11      3255
          16       0.12      0.06      0.08      2173
          21       0.14      0.15      0.15      3504
          23       0.10      0.06      0.07      1619
          24       0.08      0.03      0.05      1303
          25       0.08      0.03      0.04       874
          26       0.12      0.04      0.06       705
          31       0.10      0.07      0.08      2387
          32       0.08      0.03      0.04      1441
          34       0.07      0.03      0.04      1255
          35       0.07      0.02      0.03       850
          36       0.03      0.01      0.01       652
          41       0.09      0.04      0.06      1767
          42       0.07      0.03      0.04      1015
          43       0.09      0.02      0.04       934
          45       0.10      0.03      0.05      1090
          46       0.04      0.01      0.02       668
          51       0.06      0.02      0.03      1069
          52       0.07      0.02      0.04       592
          53       0.02      0.01      0.01       475
          54       0.05      0.01      0.02       562
          56       0.02      0.01      0.01       425
          61       0.05      0.01      0.02       641
          62       0.02      0.01      0.01       424
          63       0.04      0.02      0.02       311
          64       0.02      0.01      0.01       293
          65       0.01      0.01      0.01       240

    accuracy                           0.18     53047
   macro avg       0.08      0.06      0.06     53047
weighted avg       0.14      0.18      0.15     53047

BoatWebSocketServer "boosting_type=gbdt,learning_rate=0.25"
start: 2023/05/07_17:06:29.08
end  : 2023/05/07_17:11:05.80
"90102 0.2"  
"=================================="  
Boosting round 0: training loss = 2.8184, validation loss = 2.8816
Boosting round 49: training loss = 0.8110, validation loss = 3.1272
Boosting round 99: training loss = 0.3883, validation loss = 3.3714
Training set score: 0.9714
Test set score: 0.1783
              precision    recall  f1-score   support

          12       0.24      0.45      0.31      9480
          13       0.20      0.30      0.24      7528
          14       0.17      0.22      0.19      5515
          15       0.12      0.09      0.10      3255
          16       0.11      0.06      0.07      2173
          21       0.14      0.17      0.15      3504
          23       0.11      0.07      0.08      1619
          24       0.09      0.04      0.05      1303
          25       0.06      0.02      0.03       874
          26       0.09      0.03      0.05       705
          31       0.11      0.09      0.10      2387
          32       0.07      0.03      0.04      1441
          34       0.08      0.03      0.04      1255
          35       0.06      0.02      0.03       850
          36       0.04      0.01      0.02       652
          41       0.08      0.05      0.06      1767
          42       0.06      0.03      0.04      1015
          43       0.07      0.02      0.03       934
          45       0.08      0.03      0.04      1090
          46       0.05      0.01      0.02       668
          51       0.07      0.02      0.03      1069
          52       0.03      0.01      0.01       592
          53       0.04      0.01      0.02       475
          54       0.04      0.01      0.02       562
          56       0.02      0.00      0.01       425
          61       0.08      0.02      0.03       641
          62       0.07      0.02      0.03       424
          63       0.02      0.01      0.01       311
          64       0.02      0.01      0.01       293
          65       0.01      0.01      0.01       240

    accuracy                           0.18     53047
   macro avg       0.08      0.06      0.06     53047
weighted avg       0.14      0.18      0.15     53047

BoatWebSocketServer "boosting_type=gbdt,learning_rate=0.2"
start: 2023/05/07_17:11:05.89
end  : 2023/05/07_17:17:45.23
"90102 0.15"  
"=================================="  
Boosting round 0: training loss = 2.8459, validation loss = 2.8738
Boosting round 49: training loss = 1.0057, validation loss = 2.9990
Boosting round 99: training loss = 0.5412, validation loss = 3.2037
Training set score: 0.9446
Test set score: 0.1819
              precision    recall  f1-score   support

          12       0.25      0.45      0.32      9480
          13       0.20      0.30      0.24      7528
          14       0.18      0.22      0.19      5515
          15       0.13      0.11      0.12      3255
          16       0.13      0.07      0.09      2173
          21       0.14      0.17      0.16      3504
          23       0.10      0.07      0.09      1619
          24       0.10      0.05      0.06      1303
          25       0.07      0.03      0.04       874
          26       0.09      0.04      0.05       705
          31       0.11      0.09      0.10      2387
          32       0.09      0.04      0.05      1441
          34       0.07      0.03      0.04      1255
          35       0.08      0.03      0.04       850
          36       0.04      0.01      0.01       652
          41       0.09      0.05      0.06      1767
          42       0.07      0.03      0.04      1015
          43       0.08      0.02      0.03       934
          45       0.07      0.02      0.03      1090
          46       0.06      0.01      0.02       668
          51       0.06      0.02      0.03      1069
          52       0.07      0.02      0.03       592
          53       0.03      0.01      0.02       475
          54       0.06      0.02      0.03       562
          56       0.08      0.02      0.03       425
          61       0.04      0.01      0.02       641
          62       0.05      0.01      0.02       424
          63       0.07      0.02      0.03       311
          64       0.04      0.01      0.02       293
          65       0.02      0.01      0.01       240

    accuracy                           0.18     53047
   macro avg       0.09      0.07      0.07     53047
weighted avg       0.15      0.18      0.15     53047

BoatWebSocketServer "boosting_type=gbdt,learning_rate=0.15"
start: 2023/05/07_17:17:45.32
end  : 2023/05/07_17:23:52.97
"90102 0.1"  
"=================================="  
Boosting round 0: training loss = 2.8826, validation loss = 2.8744
Boosting round 49: training loss = 1.2880, validation loss = 2.8711
Boosting round 99: training loss = 0.7986, validation loss = 3.0317
Training set score: 0.8823
Test set score: 0.1826
              precision    recall  f1-score   support

          12       0.25      0.45      0.32      9480
          13       0.21      0.30      0.25      7528
          14       0.19      0.21      0.20      5515
          15       0.13      0.10      0.12      3255
          16       0.12      0.08      0.09      2173
          21       0.15      0.16      0.15      3504
          23       0.10      0.08      0.09      1619
          24       0.10      0.06      0.07      1303
          25       0.09      0.04      0.06       874
          26       0.09      0.03      0.05       705
          31       0.11      0.09      0.10      2387
          32       0.08      0.04      0.05      1441
          34       0.07      0.04      0.05      1255
          35       0.06      0.03      0.04       850
          36       0.05      0.02      0.03       652
          41       0.09      0.06      0.07      1767
          42       0.05      0.03      0.04      1015
          43       0.09      0.03      0.04       934
          45       0.08      0.03      0.04      1090
          46       0.05      0.01      0.02       668
          51       0.07      0.02      0.04      1069
          52       0.05      0.02      0.03       592
          53       0.05      0.01      0.02       475
          54       0.04      0.01      0.02       562
          56       0.07      0.01      0.02       425
          61       0.05      0.02      0.02       641
          62       0.07      0.02      0.03       424
          63       0.04      0.01      0.02       311
          64       0.04      0.01      0.02       293
          65       0.03      0.01      0.01       240

    accuracy                           0.18     53047
   macro avg       0.09      0.07      0.07     53047
weighted avg       0.15      0.18      0.16     53047

BoatWebSocketServer "boosting_type=gbdt,learning_rate=0.1"
start: 2023/05/07_17:23:53.05
end  : 2023/05/07_17:30:01.41
"90102 0.09"  
"=================================="  
Boosting round 0: training loss = 2.8913, validation loss = 2.8758
Boosting round 49: training loss = 1.3651, validation loss = 2.8461
Boosting round 99: training loss = 0.8719, validation loss = 2.9966
Training set score: 0.8614
Test set score: 0.1843
              precision    recall  f1-score   support

          12       0.25      0.46      0.32      9480
          13       0.21      0.30      0.25      7528
          14       0.19      0.21      0.20      5515
          15       0.14      0.11      0.12      3255
          16       0.12      0.08      0.09      2173
          21       0.14      0.16      0.15      3504
          23       0.10      0.07      0.09      1619
          24       0.09      0.05      0.07      1303
          25       0.08      0.04      0.06       874
          26       0.09      0.04      0.05       705
          31       0.11      0.10      0.10      2387
          32       0.08      0.04      0.05      1441
          34       0.07      0.03      0.05      1255
          35       0.06      0.02      0.03       850
          36       0.04      0.01      0.02       652
          41       0.09      0.06      0.07      1767
          42       0.06      0.03      0.04      1015
          43       0.06      0.02      0.03       934
          45       0.07      0.03      0.04      1090
          46       0.04      0.01      0.02       668
          51       0.07      0.03      0.04      1069
          52       0.07      0.02      0.03       592
          53       0.05      0.01      0.02       475
          54       0.06      0.02      0.03       562
          56       0.05      0.01      0.02       425
          61       0.05      0.02      0.03       641
          62       0.04      0.01      0.02       424
          63       0.05      0.01      0.02       311
          64       0.03      0.01      0.01       293
          65       0.01      0.00      0.01       240

    accuracy                           0.18     53047
   macro avg       0.09      0.07      0.07     53047
weighted avg       0.15      0.18      0.16     53047

BoatWebSocketServer "boosting_type=gbdt,learning_rate=0.09"
start: 2023/05/07_17:30:01.49
end  : 2023/05/07_17:35:33.86
"90102 0.08"  
"=================================="  
Boosting round 0: training loss = 2.9004, validation loss = 2.8776
Boosting round 49: training loss = 1.4478, validation loss = 2.8208
Boosting round 99: training loss = 0.9536, validation loss = 2.9558
Training set score: 0.8373
Test set score: 0.1855
              precision    recall  f1-score   support

          12       0.25      0.47      0.33      9480
          13       0.21      0.30      0.25      7528
          14       0.18      0.20      0.19      5515
          15       0.14      0.10      0.12      3255
          16       0.13      0.08      0.10      2173
          21       0.15      0.16      0.15      3504
          23       0.11      0.08      0.09      1619
          24       0.09      0.05      0.07      1303
          25       0.08      0.04      0.05       874
          26       0.08      0.04      0.05       705
          31       0.11      0.09      0.10      2387
          32       0.08      0.04      0.06      1441
          34       0.07      0.04      0.05      1255
          35       0.08      0.03      0.05       850
          36       0.04      0.01      0.02       652
          41       0.09      0.05      0.07      1767
          42       0.07      0.04      0.05      1015
          43       0.08      0.03      0.04       934
          45       0.08      0.03      0.04      1090
          46       0.05      0.01      0.02       668
          51       0.08      0.03      0.05      1069
          52       0.05      0.02      0.02       592
          53       0.04      0.01      0.02       475
          54       0.05      0.01      0.02       562
          56       0.09      0.01      0.02       425
          61       0.05      0.02      0.02       641
          62       0.07      0.02      0.03       424
          63       0.00      0.00      0.00       311
          64       0.03      0.01      0.01       293
          65       0.03      0.01      0.01       240

    accuracy                           0.19     53047
   macro avg       0.09      0.07      0.07     53047
weighted avg       0.15      0.19      0.16     53047

BoatWebSocketServer "boosting_type=gbdt,learning_rate=0.08"
start: 2023/05/07_17:35:33.95
end  : 2023/05/07_17:41:44.31
"90102 0.07"  
"=================================="  
Boosting round 0: training loss = 2.9100, validation loss = 2.8799
Boosting round 49: training loss = 1.5429, validation loss = 2.7992
Boosting round 99: training loss = 1.0475, validation loss = 2.9184
Training set score: 0.8097
Test set score: 0.1864
              precision    recall  f1-score   support

          12       0.25      0.48      0.33      9480
          13       0.22      0.30      0.25      7528
          14       0.19      0.20      0.20      5515
          15       0.14      0.10      0.12      3255
          16       0.11      0.07      0.09      2173
          21       0.14      0.15      0.15      3504
          23       0.11      0.08      0.09      1619
          24       0.09      0.05      0.07      1303
          25       0.09      0.04      0.06       874
          26       0.09      0.04      0.05       705
          31       0.11      0.10      0.11      2387
          32       0.08      0.04      0.05      1441
          34       0.08      0.04      0.05      1255
          35       0.06      0.03      0.04       850
          36       0.05      0.02      0.02       652
          41       0.09      0.06      0.07      1767
          42       0.07      0.04      0.05      1015
          43       0.08      0.03      0.04       934
          45       0.08      0.03      0.04      1090
          46       0.05      0.01      0.02       668
          51       0.07      0.03      0.04      1069
          52       0.05      0.02      0.03       592
          53       0.04      0.01      0.02       475
          54       0.05      0.01      0.02       562
          56       0.04      0.01      0.01       425
          61       0.05      0.02      0.03       641
          62       0.05      0.01      0.02       424
          63       0.05      0.01      0.02       311
          64       0.03      0.01      0.01       293
          65       0.02      0.00      0.01       240

    accuracy                           0.19     53047
   macro avg       0.09      0.07      0.07     53047
weighted avg       0.15      0.19      0.16     53047

BoatWebSocketServer "boosting_type=gbdt,learning_rate=0.07"
start: 2023/05/07_17:41:44.38
end  : 2023/05/07_17:47:26.85
"90102 0.06"  
"=================================="  
Terminate batch job (Y/N)? 
BoatWebSocketServer "boosting_type=gbdt,learning_rate=0.06"
start: 2023/05/07_17:47:26.90
end  : 2023/05/07_17:50:57.38
"90102 0.05"  
"=================================="  
Terminate batch job (Y/N)? 
BoatWebSocketServer "boosting_type=gbdt,learning_rate=0.05"
start: 2023/05/07_17:50:57.45
end  : 2023/05/07_17:50:58.55
"90102 0.04"  
"=================================="  
Terminate batch job (Y/N)? 
BoatWebSocketServer "boosting_type=gbdt,learning_rate=0.04"
start: 2023/05/07_17:50:58.61
end  : 2023/05/07_17:50:59.58
"90102 0.03"  
"=================================="  
Terminate batch job (Y/N)? 
