"99103 0.01"  
"=================================="  
Terminate batch job (Y/N)? 
"99103 0.1"  
"=================================="  
Boosting round 0: training loss = 4.2500, validation loss = 4.5674
Boosting round 49: training loss = 20.3547, validation loss = 21.4006
Boosting round 99: training loss = 33.7524, validation loss = 33.7809
Training set score: 0.0228
Test set score: 0.0219
              precision    recall  f1-score   support

         123       0.10      0.04      0.06      3535
         124       0.05      0.03      0.04      2667
         125       0.05      0.03      0.04      1821
         126       0.02      0.02      0.02      1457
         132       0.05      0.03      0.04      2553
         134       0.06      0.06      0.06      2197
         135       0.05      0.02      0.03      1517
         136       0.02      0.02      0.02      1261
         142       0.05      0.07      0.06      1877
         143       0.02      0.00      0.00      1582
         145       0.02      0.02      0.02      1101
         146       0.03      0.02      0.02       955
         152       0.03      0.02      0.02      1100
         153       0.03      0.04      0.03       862
         154       0.00      0.00      0.00       719
         156       0.01      0.01      0.01       574
         162       0.02      0.01      0.01       702
         163       0.01      0.01      0.01       594
         164       0.02      0.04      0.02       510
         165       0.02      0.01      0.02       367
         213       0.04      0.06      0.05      1200
         214       0.03      0.02      0.02      1042
         215       0.00      0.00      0.00       692
         216       0.01      0.01      0.01       570
         231       0.01      0.02      0.01       501
         234       0.02      0.02      0.02       448
         235       0.00      0.00      0.00       360
         236       0.01      0.02      0.01       310
         241       0.01      0.02      0.02       439
         243       0.01      0.01      0.01       348
         245       0.01      0.01      0.01       275
         246       0.00      0.00      0.00       241
         251       0.01      0.03      0.02       294
         253       0.00      0.00      0.00       227
         254       0.01      0.00      0.01       205
         256       0.00      0.01      0.01       148
         261       0.00      0.01      0.01       234
         263       0.01      0.01      0.01       209
         264       0.00      0.02      0.01       150
         265       0.00      0.00      0.00       112
         312       0.03      0.00      0.01       618
         314       0.01      0.02      0.01       746
         315       0.01      0.05      0.02       561
         316       0.00      0.00      0.00       462
         321       0.01      0.02      0.01       438
         324       0.02      0.01      0.02       403
         325       0.00      0.00      0.00       333
         326       0.00      0.00      0.00       267
         341       0.01      0.00      0.00       369
         342       0.01      0.02      0.01       317
         345       0.01      0.01      0.01       312
         346       0.02      0.04      0.02       257
         351       0.02      0.02      0.02       242
         352       0.00      0.00      0.00       214
         354       0.01      0.02      0.01       219
         356       0.02      0.01      0.01       175
         361       0.00      0.00      0.00       175
         362       0.01      0.01      0.01       176
         364       0.01      0.02      0.01       162
         365       0.01      0.01      0.01       139
         412       0.00      0.00      0.00       531
         413       0.00      0.00      0.00       405
         415       0.01      0.01      0.01       447
         416       0.01      0.01      0.01       384
         421       0.02      0.01      0.01       334
         423       0.00      0.00      0.00       221
         425       0.01      0.03      0.02       245
         426       0.01      0.05      0.02       215
         431       0.00      0.00      0.00       268
         432       0.01      0.02      0.01       203
         435       0.00      0.01      0.00       259
         436       0.00      0.00      0.00       204
         451       0.01      0.02      0.01       330
         452       0.01      0.01      0.01       271
         453       0.01      0.00      0.01       237
         456       0.00      0.00      0.00       252
         461       0.01      0.01      0.01       199
         462       0.00      0.00      0.00       170
         463       0.02      0.02      0.02       127
         465       0.01      0.01      0.01       172
         512       0.01      0.01      0.01       319
         513       0.01      0.01      0.01       284
         514       0.01      0.00      0.01       245
         516       0.00      0.00      0.00       221
         521       0.01      0.01      0.01       188
         523       0.01      0.01      0.01       144
         524       0.00      0.00      0.00       126
         526       0.01      0.05      0.01       134
         531       0.00      0.01      0.01       149
         532       0.00      0.00      0.00       105
         534       0.00      0.00      0.00       108
         536       0.01      0.05      0.02       113
         541       0.00      0.02      0.01       163
         542       0.00      0.00      0.00       125
         543       0.00      0.00      0.00       116
         546       0.00      0.00      0.00       158
         561       0.02      0.01      0.01       143
         562       0.00      0.00      0.00       103
         563       0.00      0.00      0.00        92
         564       0.00      0.00      0.00        87
         612       0.01      0.01      0.01       192
         613       0.00      0.00      0.00       188
         614       0.01      0.01      0.01       133
         615       0.00      0.00      0.00       128
         621       0.00      0.00      0.00       158
         623       0.00      0.00      0.00       102
         624       0.00      0.00      0.00       104
         625       0.00      0.00      0.00        60
         631       0.00      0.00      0.00        89
         632       0.00      0.00      0.00        76
         634       0.00      0.00      0.00        83
         635       0.00      0.00      0.00        63
         641       0.00      0.00      0.00        94
         642       0.00      0.00      0.00        73
         643       0.00      0.00      0.00        73
         645       0.00      0.00      0.00        53
         651       0.00      0.00      0.00        84
         652       0.00      0.00      0.00        59
         653       0.00      0.00      0.00        59
         654       0.00      0.00      0.00        38

    accuracy                           0.02     53047
   macro avg       0.01      0.01      0.01     53047
weighted avg       0.03      0.02      0.02     53047

BoatWebSocketServer "boosting_type=gbdt,learning_rate=0.1"
start: 2023/05/10_ 0:53:29.80
end  : 2023/05/10_ 0:57:00.96
"99103 0.007"  
"=================================="  
Boosting round 0: training loss = 4.3131, validation loss = 4.2578
Boosting round 49: training loss = 3.4767, validation loss = 4.2011
Boosting round 99: training loss = 2.9473, validation loss = 4.1883
Training set score: 0.4094
Test set score: 0.0678
              precision    recall  f1-score   support

         123       0.07      0.64      0.13      3535
         124       0.07      0.17      0.10      2667
         125       0.06      0.03      0.04      1821
         126       0.03      0.01      0.02      1457
         132       0.07      0.12      0.08      2553
         134       0.07      0.08      0.07      2197
         135       0.05      0.02      0.03      1517
         136       0.06      0.01      0.02      1261
         142       0.05      0.05      0.05      1877
         143       0.05      0.02      0.03      1582
         145       0.03      0.00      0.00      1101
         146       0.07      0.01      0.01       955
         152       0.04      0.01      0.01      1100
         153       0.05      0.00      0.01       862
         154       0.00      0.00      0.00       719
         156       0.07      0.00      0.00       574
         162       0.04      0.00      0.01       702
         163       0.03      0.00      0.01       594
         164       0.06      0.00      0.01       510
         165       0.00      0.00      0.00       367
         213       0.07      0.03      0.04      1200
         214       0.04      0.01      0.02      1042
         215       0.06      0.01      0.02       692
         216       0.09      0.01      0.02       570
         231       0.04      0.01      0.01       501
         234       0.02      0.01      0.01       448
         235       0.05      0.01      0.01       360
         236       0.03      0.00      0.01       310
         241       0.04      0.00      0.01       439
         243       0.04      0.01      0.01       348
         245       0.00      0.00      0.00       275
         246       0.10      0.01      0.02       241
         251       0.12      0.01      0.01       294
         253       0.00      0.00      0.00       227
         254       0.00      0.00      0.00       205
         256       0.05      0.01      0.01       148
         261       0.00      0.00      0.00       234
         263       0.00      0.00      0.00       209
         264       0.09      0.01      0.01       150
         265       0.00      0.00      0.00       112
         312       0.07      0.01      0.01       618
         314       0.04      0.01      0.02       746
         315       0.05      0.01      0.01       561
         316       0.13      0.02      0.03       462
         321       0.06      0.00      0.00       438
         324       0.05      0.01      0.02       403
         325       0.08      0.01      0.02       333
         326       0.08      0.01      0.02       267
         341       0.07      0.01      0.01       369
         342       0.05      0.00      0.01       317
         345       0.07      0.01      0.01       312
         346       0.00      0.00      0.00       257
         351       0.05      0.00      0.01       242
         352       0.00      0.00      0.00       214
         354       0.05      0.00      0.01       219
         356       0.07      0.01      0.01       175
         361       0.00      0.00      0.00       175
         362       0.09      0.01      0.01       176
         364       0.00      0.00      0.00       162
         365       0.00      0.00      0.00       139
         412       0.01      0.00      0.00       531
         413       0.03      0.00      0.00       405
         415       0.06      0.01      0.01       447
         416       0.02      0.00      0.00       384
         421       0.08      0.00      0.01       334
         423       0.00      0.00      0.00       221
         425       0.00      0.00      0.00       245
         426       0.00      0.00      0.00       215
         431       0.00      0.00      0.00       268
         432       0.00      0.00      0.00       203
         435       0.00      0.00      0.00       259
         436       0.20      0.00      0.01       204
         451       0.00      0.00      0.00       330
         452       0.00      0.00      0.00       271
         453       0.00      0.00      0.00       237
         456       0.06      0.00      0.01       252
         461       0.00      0.00      0.00       199
         462       0.00      0.00      0.00       170
         463       0.00      0.00      0.00       127
         465       0.00      0.00      0.00       172
         512       0.00      0.00      0.00       319
         513       0.12      0.01      0.01       284
         514       0.00      0.00      0.00       245
         516       0.00      0.00      0.00       221
         521       0.00      0.00      0.00       188
         523       0.00      0.00      0.00       144
         524       0.00      0.00      0.00       126
         526       0.00      0.00      0.00       134
         531       0.00      0.00      0.00       149
         532       0.00      0.00      0.00       105
         534       0.00      0.00      0.00       108
         536       0.00      0.00      0.00       113
         541       0.00      0.00      0.00       163
         542       0.00      0.00      0.00       125
         543       0.00      0.00      0.00       116
         546       0.00      0.00      0.00       158
         561       0.00      0.00      0.00       143
         562       0.07      0.01      0.02       103
         563       0.00      0.00      0.00        92
         564       0.00      0.00      0.00        87
         612       0.00      0.00      0.00       192
         613       0.05      0.01      0.01       188
         614       0.00      0.00      0.00       133
         615       0.00      0.00      0.00       128
         621       0.11      0.01      0.01       158
         623       0.00      0.00      0.00       102
         624       0.00      0.00      0.00       104
         625       0.00      0.00      0.00        60
         631       0.00      0.00      0.00        89
         632       0.00      0.00      0.00        76
         634       0.00      0.00      0.00        83
         635       0.00      0.00      0.00        63
         641       0.00      0.00      0.00        94
         642       0.00      0.00      0.00        73
         643       0.00      0.00      0.00        73
         645       0.00      0.00      0.00        53
         651       0.00      0.00      0.00        84
         652       0.00      0.00      0.00        59
         653       0.00      0.00      0.00        59
         654       0.00      0.00      0.00        38

    accuracy                           0.07     53047
   macro avg       0.03      0.01      0.01     53047
weighted avg       0.05      0.07      0.03     53047

BoatWebSocketServer "boosting_type=gbdt,learning_rate=0.007"
start: 2023/05/10_ 1:00:44.42
end  : 2023/05/10_ 1:07:17.05
