"99104 0.1"  
"=================================="  
Boosting round 0: training loss = 3.7972, validation loss = 3.9741
Boosting round 49: training loss = 0.9807, validation loss = 4.3488
Boosting round 99: training loss = 0.4514, validation loss = 4.6820
Training set score: 0.9724
Test set score: 0.0955
              precision    recall  f1-score   support

         123       0.11      0.21      0.14      3535
         124       0.08      0.12      0.10      2667
         125       0.06      0.05      0.06      1821
         126       0.05      0.03      0.04      1457
         132       0.08      0.11      0.09      2553
         134       0.08      0.09      0.08      2197
         135       0.07      0.05      0.06      1517
         136       0.05      0.02      0.03      1261
         142       0.07      0.07      0.07      1877
         143       0.06      0.05      0.06      1582
         145       0.04      0.02      0.03      1101
         146       0.06      0.02      0.03       955
         152       0.04      0.02      0.02      1100
         153       0.02      0.01      0.01       862
         154       0.03      0.01      0.01       719
         156       0.02      0.00      0.01       574
         162       0.04      0.01      0.02       702
         163       0.04      0.01      0.02       594
         164       0.03      0.01      0.01       510
         165       0.02      0.00      0.00       367
         213       0.05      0.04      0.04      1200
         214       0.06      0.03      0.04      1042
         215       0.04      0.01      0.02       692
         216       0.05      0.02      0.02       570
         231       0.03      0.01      0.01       501
         234       0.04      0.01      0.02       448
         235       0.05      0.01      0.02       360
         236       0.02      0.01      0.01       310
         241       0.02      0.00      0.01       439
         243       0.03      0.01      0.01       348
         245       0.04      0.01      0.02       275
         246       0.05      0.02      0.02       241
         251       0.00      0.00      0.00       294
         253       0.02      0.01      0.01       227
         254       0.02      0.01      0.01       205
         256       0.01      0.01      0.01       148
         261       0.00      0.00      0.00       234
         263       0.00      0.00      0.00       209
         264       0.02      0.01      0.02       150
         265       0.00      0.00      0.00       112
         312       0.03      0.01      0.02       618
         314       0.03      0.01      0.02       746
         315       0.06      0.02      0.03       561
         316       0.03      0.01      0.01       462
         321       0.00      0.00      0.00       438
         324       0.02      0.00      0.01       403
         325       0.03      0.01      0.01       333
         326       0.01      0.00      0.01       267
         341       0.05      0.01      0.02       369
         342       0.03      0.01      0.01       317
         345       0.00      0.00      0.00       312
         346       0.00      0.00      0.00       257
         351       0.02      0.00      0.01       242
         352       0.00      0.00      0.00       214
         354       0.01      0.00      0.01       219
         356       0.00      0.00      0.00       175
         361       0.01      0.01      0.01       175
         362       0.03      0.02      0.02       176
         364       0.00      0.00      0.00       162
         365       0.00      0.00      0.00       139
         412       0.02      0.01      0.01       531
         413       0.03      0.01      0.01       405
         415       0.04      0.01      0.02       447
         416       0.02      0.01      0.01       384
         421       0.01      0.00      0.00       334
         423       0.03      0.01      0.02       221
         425       0.02      0.01      0.01       245
         426       0.00      0.00      0.00       215
         431       0.00      0.00      0.00       268
         432       0.01      0.00      0.01       203
         435       0.00      0.00      0.00       259
         436       0.01      0.00      0.01       204
         451       0.00      0.00      0.00       330
         452       0.05      0.02      0.03       271
         453       0.04      0.01      0.02       237
         456       0.03      0.01      0.01       252
         461       0.05      0.02      0.03       199
         462       0.01      0.01      0.01       170
         463       0.01      0.01      0.01       127
         465       0.00      0.00      0.00       172
           x       0.15      0.54      0.23      5032

    accuracy                           0.10     53047
   macro avg       0.03      0.02      0.02     53047
weighted avg       0.06      0.10      0.06     53047

BoatWebSocketServer "boosting_type=gbdt,learning_rate=0.1"
start: 2023/05/10_ 1:20:48.56
end  : 2023/05/10_ 1:26:39.65
